1 1 0.00860285 345.54 289.461 502.664 358.023
1 1 0.00263926 35.4898 113.673 472.36 510.616
1 1 0.00115572 181.513 225.998 495.116 382.9
1 2 0.385545 58.8049 149.456 444.839 511.0
1 2 0.00309227 191.04 226.72 493.523 386.535
1 3 0.00109083 86.3792 85.7369 371.252 505.676
1 3 0.00103878 355.746 291.515 497.32 351.533
1 4 0.00842099 348.752 279.959 503.14 348.013
1 4 0.00377762 39.2764 93.9254 460.897 511.0
1 4 0.00124565 187.054 216.362 499.595 391.582
1 5 0.00185673 375.325 297.679 459.411 355.442
1 5 0.00158391 111.431 86.2904 349.449 497.576
1 5 0.000225164 54.1296 245.94 209.188 504.994
1 6 0.0044531 346.564 289.376 502.507 352.068
1 6 0.00112763 58.2359 50.2389 410.512 491.456
1 6 0.000210507 184.597 231.862 495.12 378.992
1 7 0.764527 358.972 299.677 495.085 358.074
1 7 0.00190182 362.417 292.268 404.615 346.029
1 7 0.00062772 300.749 119.35 341.162 169.854
1 7 0.000270699 29.4671 77.1461 439.829 495.403
1 7 0.000215806 196.677 231.012 487.638 375.964
1 7 0.000207999 328.334 271.676 381.702 360.9
1 8 0.000981738 83.6353 102.005 378.751 500.027
1 8 0.000858214 354.561 291.352 493.784 351.316
1 9 0.0370601 88.7496 114.804 379.557 502.868
1 9 0.00506036 40.7664 254.529 230.829 507.157
1 9 0.00236113 234.288 231.19 481.957 382.93
1 9 0.00171952 363.138 291.459 491.74 352.721
1 10 0.00101158 358.315 291.636 489.825 351.296
1 10 0.000571842 70.8954 111.113 382.465 511.0
1 11 0.00531096 69.5025 151.444 453.763 499.943
1 11 0.000780723 346.073 291.82 502.9 353.328
1 11 0.000313504 34.9243 253.322 240.49 504.39
1 12 0.00136487 83.534 116.911 371.541 509.241
1 12 0.00116196 363.797 291.284 488.792 350.311
1 13 0.0525487 74.9343 118.585 431.524 507.517
1 13 0.00112534 348.437 292.328 504.922 353.604
1 14 0.0147963 348.781 292.256 498.622 356.594
1 14 0.00637857 49.0331 134.239 458.618 506.4
1 15 0.995353 32.3922 47.7455 291.786 511.0
1 15 0.654469 172.142 70.7143 343.859 351.081
1 16 0.00142544 361.547 289.303 490.656 351.412
1 16 0.000763265 88.5938 112.441 366.943 493.922
1 17 0.00100493 67.9451 132.133 383.48 511.0
1 17 0.000910211 372.172 297.78 466.074 355.321
1 17 7.17124e-05 205.564 235.072 487.515 382.747
1 18 0.0128882 350.673 293.524 499.666 354.246
1 18 0.000370171 43.9043 86.7957 413.159 494.862
1 19 0.00488034 342.897 292.253 506.155 353.489
1 19 0.00168692 41.2936 91.3421 468.613 504.053
1 19 0.000190899 189.842 227.32 502.099 376.84
1 20 0.00439207 358.032 292.813 496.077 351.133
1 20 0.000668649 72.7383 129.224 381.62 486.528
1 20 0.000103966 211.866 229.069 484.017 378.566
