10 1 0.00608856 8.23703 23.746 490.344 511.0
10 1 3.58708e-05 492.147 241.532 511.0 330.415
10 1 2.14505e-05 491.951 187.689 511.0 276.473
10 2 0.00548068 21.8111 6.67113 463.561 501.084
10 2 0.000111583 493.386 245.417 511.0 331.0
10 2 7.12737e-05 493.414 191.971 511.0 276.8
10 3 0.969269 47.8361 8.25275 460.226 511.0
10 4 0.0075155 36.4243 0.0 449.316 509.255
10 4 9.32492e-05 492.531 224.29 511.0 322.299
10 4 4.8885e-05 493.454 169.81 511.0 269.615
10 4 3.78389e-05 492.622 349.153 509.554 466.717
10 5 0.158201 130.687 4.81393 367.141 508.121
10 6 0.00192579 1.1031 3.18262 491.846 511.0
10 6 7.07402e-05 491.241 210.94 511.0 303.806
10 6 4.05486e-05 493.1 155.846 511.0 251.169
10 6 2.94755e-05 492.42 269.313 511.0 362.202
10 6 1.93977e-05 491.511 351.606 510.233 460.338
10 7 0.00948578 6.92722 0.0 471.14 505.325
10 7 8.07311e-05 492.2 241.66 511.0 329.59
10 7 6.50109e-05 492.045 188.15 511.0 275.621
10 8 0.102041 49.9535 22.6409 438.556 483.206
10 9 0.485676 74.8454 19.5112 428.496 511.0
10 10 0.00240488 9.09657 5.92035 485.666 511.0
10 10 5.95869e-05 492.469 212.582 511.0 305.179
10 10 3.4953e-05 494.317 159.617 510.935 252.191
10 11 0.00140509 32.8769 0.0 414.443 511.0
10 11 9.45333e-05 491.02 241.777 511.0 334.896
10 11 7.44534e-05 489.617 357.273 511.0 465.694
10 11 5.89603e-05 490.708 189.305 511.0 280.55
10 11 3.60317e-05 493.518 132.017 511.0 226.534
10 11 2.0901e-05 493.102 299.793 511.0 401.146
10 12 0.00621568 39.7296 6.93988 459.294 511.0
10 12 0.000198696 492.811 214.954 510.862 304.827
10 12 5.57674e-05 494.589 162.12 510.362 252.768
10 13 0.00315952 16.9971 3.22751 485.405 511.0
10 13 6.5758e-05 492.033 211.02 511.0 304.616
10 13 4.08572e-05 493.832 158.387 511.0 251.684
10 13 2.25493e-05 493.006 267.604 511.0 362.503
10 14 0.0111751 73.2795 32.2887 449.597 511.0
10 14 6.87578e-05 492.326 230.685 511.0 318.759
10 14 4.4006e-05 493.379 177.343 511.0 264.987
10 15 0.0973469 41.3315 0.0 508.711 511.0
10 15 0.00063747 493.407 220.461 510.939 320.521
10 15 0.000514748 494.437 169.168 510.77 266.415
10 16 0.00753995 33.0622 0.0 463.68 511.0
10 16 0.000245663 493.38 210.95 510.695 306.738
10 16 0.000153241 493.803 351.783 508.365 461.337
10 16 0.000150285 494.176 266.476 510.1 365.364
10 16 0.000125864 495.177 157.636 510.138 254.073
10 17 0.00252702 24.5264 3.68393 474.314 511.0
10 17 0.000103797 493.308 241.618 511.0 332.282
10 17 6.44714e-05 493.329 188.164 511.0 278.355
10 17 3.96241e-05 495.844 131.435 510.843 224.714
10 18 0.00790379 32.8123 0.0 464.068 511.0
10 18 5.01384e-05 490.362 200.338 511.0 294.671
10 18 3.38475e-05 491.01 251.758 511.0 349.738
10 19 0.00215991 10.4646 7.70688 483.243 511.0
10 19 4.17556e-05 491.304 211.36 511.0 304.641
10 19 2.62331e-05 493.122 156.41 511.0 252.533
10 19 1.45588e-05 492.52 269.435 511.0 362.819
10 19 7.50476e-06 491.492 351.64 510.47 460.689
10 20 0.00500756 71.8255 0.0 418.73 511.0
10 20 0.000338628 492.141 210.536 511.0 305.978
10 20 0.000186473 493.123 267.515 510.745 364.464
10 20 0.000171458 494.027 156.503 510.933 254.189
10 20 0.000107115 492.513 353.078 509.13 463.8
