11 1 0.0024558 59.2275 2.49626 436.047 486.328
11 1 8.74101e-05 490.94 77.8391 511.0 170.309
11 1 8.57712e-05 494.039 349.328 510.89 445.999
11 1 8.06997e-05 490.881 227.758 511.0 319.831
11 1 4.98892e-05 490.902 283.523 511.0 379.314
11 1 4.47168e-05 490.959 131.141 511.0 223.368
11 2 0.00662595 68.6414 49.3429 412.355 479.95
11 2 0.00018744 491.896 81.463 511.0 171.139
11 2 0.000164771 491.825 231.146 511.0 320.767
11 2 0.000131823 494.969 352.818 510.28 447.424
11 2 9.91582e-05 491.961 134.693 511.0 224.243
11 3 0.170398 91.6636 17.1064 411.55 481.122
11 3 0.000170738 492.279 61.3446 511.0 157.569
11 4 0.0032323 72.2856 0.0 407.43 480.822
11 4 0.000191514 491.658 75.3476 511.0 175.676
11 4 0.00016814 491.427 198.66 511.0 298.912
11 4 0.000124226 494.732 345.597 510.381 453.756
11 4 9.92827e-05 491.067 265.116 511.0 369.007
11 4 8.53473e-05 491.509 142.646 511.0 243.219
11 5 0.0219754 99.5599 3.16673 373.369 468.802
11 5 0.000269431 493.447 76.4293 509.979 172.664
11 6 0.00158615 51.3292 0.0 426.126 463.595
11 6 8.25654e-05 490.856 77.0219 511.0 171.091
11 6 8.12464e-05 490.829 226.758 511.0 320.768
11 6 5.75941e-05 494.027 348.831 510.928 447.131
11 6 4.45936e-05 490.869 129.922 511.0 224.047
11 6 3.35181e-05 490.85 283.061 511.0 380.131
11 7 0.0032189 51.6385 0.0 424.488 468.416
11 7 0.00017871 490.87 78.0517 511.0 169.792
11 7 0.000147832 490.843 227.931 511.0 319.429
11 7 9.86617e-05 490.939 131.411 511.0 222.495
11 7 6.77672e-05 494.198 349.994 510.636 445.83
11 7 6.376e-05 490.959 283.801 511.0 378.617
11 8 0.126765 97.0979 4.16272 404.69 463.108
11 9 0.0360008 44.4386 10.2177 432.874 511.0
11 9 0.000208216 491.582 198.472 511.0 300.454
11 10 0.00275741 82.0476 0.0 463.176 505.606
11 10 0.000121385 491.633 60.758 511.0 159.286
11 10 0.000101232 491.806 226.052 511.0 322.356
11 10 6.81758e-05 491.911 129.282 511.0 225.843
11 11 0.00175021 37.5235 5.4433 423.513 477.073
11 11 0.000181319 492.596 349.959 511.0 451.124
11 11 0.000129802 489.783 227.29 511.0 324.277
11 11 0.000122001 489.938 77.3571 511.0 173.837
11 11 8.7086e-05 489.569 282.783 511.0 384.495
11 11 7.18482e-05 489.387 159.105 511.0 256.736
11 12 0.0636138 91.2797 5.81566 408.71 480.317
11 12 0.000350436 491.857 47.1443 511.0 146.139
11 12 0.000288596 491.793 200.548 510.957 295.918
11 13 0.00830111 28.3119 0.0 481.9 500.454
11 13 0.000123259 491.28 44.6514 511.0 144.509
11 13 0.000100422 491.465 224.245 511.0 321.287
11 13 9.05935e-05 492.08 101.622 511.0 198.972
11 14 0.0152733 63.1044 22.7454 410.195 487.077
11 14 0.000138748 491.307 79.5787 511.0 172.99
11 14 0.000121118 491.245 229.411 511.0 322.553
11 14 7.76195e-05 491.399 132.841 511.0 225.949
11 15 0.81906 0.0 0.0 507.885 511.0
11 16 0.006464 81.0597 0.0 405.795 496.71
11 16 0.000287577 492.72 223.888 510.54 323.99
11 16 0.000281621 492.786 74.4555 511.0 174.39
11 16 0.000223281 495.791 346.072 509.574 449.391
11 16 0.000166896 492.512 156.389 510.565 256.608
11 17 0.0105745 21.2413 0.0 472.959 507.668
11 17 0.000276858 491.828 62.6829 511.0 158.539
11 17 0.000243656 491.71 200.818 511.0 295.164
11 17 0.000162642 491.336 253.623 510.943 349.039
11 17 0.000151955 492.04 131.093 511.0 225.134
11 18 0.00527661 0.0 0.315613 511.0 511.0
11 18 5.03824e-05 489.868 75.4295 511.0 174.688
11 18 4.61321e-05 489.81 225.128 511.0 324.693
11 19 0.0020378 61.1192 0.0 426.339 466.682
11 19 6.40696e-05 490.912 77.2987 511.0 171.682
11 19 5.01022e-05 490.865 226.926 511.0 321.201
11 19 3.36652e-05 494.078 348.182 511.0 447.692
11 19 3.10921e-05 490.947 130.319 511.0 224.549
11 20 0.00638093 68.0412 1.51964 417.694 463.748
11 20 0.00050105 491.55 74.9009 511.0 173.424
11 20 0.000425693 491.283 198.278 511.0 296.484
11 20 0.000253561 491.014 264.899 511.0 365.837
11 20 0.000237079 494.822 347.792 510.095 448.931
11 20 0.000234112 491.373 142.055 511.0 240.617
