12 1 0.00138639 0.0 0.0 503.59 511.0
12 1 3.48234e-05 6.22812 83.2763 65.4694 199.513
12 1 1.66213e-05 0.0 4.32844 45.8816 31.9721
12 1 1.09783e-05 1.96018 0.0 151.807 186.901
12 1 1.01233e-05 1.73252 12.6869 50.8778 147.851
12 2 0.00161883 11.5707 31.2668 463.817 511.0
12 2 3.94283e-05 33.883 293.147 83.2474 423.032
12 2 3.21434e-05 293.171 0.0 409.14 116.509
12 2 2.58225e-05 9.70773 309.971 55.3269 399.739
12 2 2.48734e-05 7.06579 92.5343 60.8087 197.807
12 2 1.86414e-05 387.484 211.833 511.0 511.0
12 3 0.0122372 88.906 55.7903 424.593 482.252
12 3 0.000507777 29.063 21.3109 234.32 352.973
12 4 0.00100797 0.0 0.0 468.88 511.0
12 4 3.39895e-05 8.24005 83.691 61.4877 203.553
12 4 2.81452e-05 291.672 0.0 394.18 107.254
12 4 2.10566e-05 10.044 303.463 57.1108 406.137
12 4 1.78052e-05 10.6913 6.36992 50.6692 100.599
12 4 1.67467e-05 395.44 54.0507 511.0 511.0
12 4 1.60816e-05 1.02199 5.29172 43.6802 34.1763
12 5 0.188619 36.2525 7.42665 411.74 487.304
12 5 0.00707172 89.0569 23.5801 228.703 335.902
12 5 0.00355278 14.5551 7.74075 117.789 269.956
12 6 0.00036553 0.0 0.0 481.059 511.0
12 6 2.90825e-05 5.74867 86.067 63.2766 199.902
12 6 2.43616e-05 0.0 3.62115 44.5282 32.9406
12 6 2.01088e-05 1.3519 12.7127 49.0714 150.162
12 6 9.20476e-06 1.46842 314.523 133.633 508.866
12 6 7.88381e-06 8.03961 304.117 57.6563 400.84
12 6 7.43699e-06 284.539 0.0 401.242 101.732
12 6 7.08313e-06 0.0 0.0 110.338 224.716
12 7 0.00156703 0.0 0.0 500.273 511.0
12 7 0.000316185 5.54815 84.9857 62.4226 198.658
12 7 0.00014922 1.41897 1.37577 34.8418 52.7534
12 7 2.90765e-05 0.931328 12.0266 49.1579 150.121
12 7 2.78789e-05 0.0 0.0 109.369 222.843
12 7 2.30989e-05 291.564 0.0 410.994 117.49
12 7 1.70035e-05 2.09695 310.533 135.504 505.27
12 8 0.00364318 52.5665 43.8618 439.06 461.015
12 8 9.62886e-05 398.06 198.383 508.616 485.16
12 8 6.49102e-05 5.40201 29.4919 41.7605 160.08
12 9 0.0421613 4.98819 34.4605 504.682 511.0
12 9 0.0307829 389.052 180.84 511.0 511.0
12 9 0.00475604 0.0 346.881 262.277 511.0
12 9 0.000436282 33.9814 293.73 78.8893 439.315
12 10 0.00278927 7.74123 0.0 478.344 511.0
12 10 8.16805e-05 7.34866 86.6597 60.4701 198.626
12 10 2.61921e-05 2.69009 13.9899 47.1567 150.619
12 10 1.93653e-05 0.729097 4.09381 42.253 34.1482
12 10 1.7288e-05 388.67 184.097 511.0 511.0
12 11 0.00535211 0.0 0.0 511.0 511.0
12 11 6.00576e-05 267.814 0.0 431.47 137.99
12 11 4.73418e-05 29.0266 286.665 89.8485 437.562
12 11 2.97396e-05 3.05967 85.6751 68.1215 203.132
12 11 2.43946e-05 0.0 323.338 138.735 511.0
12 11 2.26297e-05 359.764 173.789 511.0 511.0
12 12 0.00437007 49.665 76.5853 430.433 476.974
12 12 5.35474e-05 16.6484 325.792 126.105 495.071
12 12 4.88037e-05 399.283 187.239 508.073 494.595
12 13 0.000826949 0.0 0.0 478.743 504.863
12 13 1.72212e-05 6.46379 83.6066 62.2694 196.649
12 13 8.97604e-06 6.25465 308.707 132.202 502.675
12 13 8.12799e-06 388.363 158.292 511.0 507.775
12 13 6.02041e-06 0.0 3.48352 44.4323 33.9517
12 14 0.00143433 0.0 8.71951 470.287 511.0
12 14 5.92874e-05 4.9133 88.8098 62.4167 201.49
12 14 3.51355e-05 0.684565 4.62385 42.2703 33.9737
12 14 3.12976e-05 9.45904 3.33308 49.4663 98.9681
12 14 3.02402e-05 0.0 0.0 139.333 300.612
12 14 2.11607e-05 287.336 0.0 411.907 120.791
12 15 0.0104249 0.0 0.0 485.973 511.0
12 15 0.000108033 7.29817 296.479 52.5787 402.092
12 15 9.08999e-05 2.00093 8.47228 41.3458 168.485
12 15 6.37035e-05 5.87996 289.496 120.215 499.249
12 15 4.59876e-05 382.928 122.992 511.0 495.027
12 16 0.661703 298.653 0.0 400.818 118.406
12 16 0.637171 22.5908 0.0 443.19 511.0
12 16 0.0142839 6.62125 0.0 127.502 293.945
12 16 0.0116152 304.592 0.0 482.659 253.086
12 16 0.00982134 36.5288 294.435 79.3318 423.763
12 17 0.00127999 8.84222 0.0 472.537 511.0
12 17 0.000183558 7.66893 88.5592 59.3769 196.56
12 17 5.99577e-05 6.75205 323.544 125.916 505.674
12 17 5.7274e-05 1.01116 3.69789 41.6801 33.7024
12 17 5.70667e-05 2.8018 14.0443 46.2078 145.154
12 17 3.82544e-05 389.328 190.416 511.0 511.0
12 17 3.57471e-05 1.70581 0.0 102.3 217.019
12 18 0.140401 0.0 50.7614 500.245 511.0
12 18 0.00106629 0.0 361.39 414.805 511.0
12 18 0.00058555 379.65 56.7335 511.0 511.0
12 18 0.000207817 5.13952 83.9719 65.0848 202.404
12 19 0.000371469 0.0 0.0 503.398 511.0
12 19 2.80838e-05 5.49113 88.8698 63.9222 196.852
12 19 1.63952e-05 1.55227 15.0543 49.6489 148.105
12 19 1.00638e-05 1.22696 3.03768 36.2999 53.4199
12 19 4.43574e-06 0.0 0.0 149.824 184.001
12 20 0.00139216 0.0 27.4106 469.843 511.0
12 20 0.000118659 394.416 190.455 511.0 511.0
12 20 6.07607e-05 7.69944 88.8587 60.8782 201.12
12 20 5.10609e-05 2.2854 0.0 104.993 220.044
12 20 5.08826e-05 2.83196 15.0655 47.8331 151.946
12 20 4.08547e-05 8.22364 319.32 129.987 505.685
12 20 3.76261e-05 0.0 3.87418 44.6819 34.7032
12 1 0.00138639 0.0 0.0 503.59 511.0
12 1 3.48234e-05 6.22812 83.2763 65.4694 199.513
12 1 1.66213e-05 0.0 4.32844 45.8816 31.9721
12 1 1.09783e-05 1.96018 0.0 151.807 186.901
12 1 1.01233e-05 1.73252 12.6869 50.8778 147.851
12 2 0.00161883 11.5707 31.2668 463.817 511.0
12 2 3.94283e-05 33.883 293.147 83.2474 423.032
12 2 3.21434e-05 293.171 0.0 409.14 116.509
12 2 2.58225e-05 9.70773 309.971 55.3269 399.739
12 2 2.48734e-05 7.06579 92.5343 60.8087 197.807
12 2 1.86414e-05 387.484 211.833 511.0 511.0
12 3 0.0122372 88.906 55.7903 424.593 482.252
12 3 0.000507777 29.063 21.3109 234.32 352.973
12 4 0.00100797 0.0 0.0 468.88 511.0
12 4 3.39895e-05 8.24005 83.691 61.4877 203.553
12 4 2.81452e-05 291.672 0.0 394.18 107.254
12 4 2.10566e-05 10.044 303.463 57.1108 406.137
12 4 1.78052e-05 10.6913 6.36992 50.6692 100.599
12 4 1.67467e-05 395.44 54.0507 511.0 511.0
12 4 1.60816e-05 1.02199 5.29172 43.6802 34.1763
12 5 0.188619 36.2525 7.42665 411.74 487.304
12 5 0.00707172 89.0569 23.5801 228.703 335.902
12 5 0.00355278 14.5551 7.74075 117.789 269.956
12 6 0.00036553 0.0 0.0 481.059 511.0
12 6 2.90825e-05 5.74867 86.067 63.2766 199.902
12 6 2.43616e-05 0.0 3.62115 44.5282 32.9406
12 6 2.01088e-05 1.3519 12.7127 49.0714 150.162
12 6 9.20476e-06 1.46842 314.523 133.633 508.866
12 6 7.88381e-06 8.03961 304.117 57.6563 400.84
12 6 7.43699e-06 284.539 0.0 401.242 101.732
12 6 7.08313e-06 0.0 0.0 110.338 224.716
12 7 0.00156703 0.0 0.0 500.273 511.0
12 7 0.000316185 5.54815 84.9857 62.4226 198.658
12 7 0.00014922 1.41897 1.37577 34.8418 52.7534
12 7 2.90765e-05 0.931328 12.0266 49.1579 150.121
12 7 2.78789e-05 0.0 0.0 109.369 222.843
12 7 2.30989e-05 291.564 0.0 410.994 117.49
12 7 1.70035e-05 2.09695 310.533 135.504 505.27
12 8 0.00364318 52.5665 43.8618 439.06 461.015
12 8 9.62886e-05 398.06 198.383 508.616 485.16
12 8 6.49102e-05 5.40201 29.4919 41.7605 160.08
12 9 0.0421613 4.98819 34.4605 504.682 511.0
12 9 0.0307829 389.052 180.84 511.0 511.0
12 9 0.00475604 0.0 346.881 262.277 511.0
12 9 0.000436282 33.9814 293.73 78.8893 439.315
12 10 0.00278927 7.74123 0.0 478.344 511.0
12 10 8.16805e-05 7.34866 86.6597 60.4701 198.626
12 10 2.61921e-05 2.69009 13.9899 47.1567 150.619
12 10 1.93653e-05 0.729097 4.09381 42.253 34.1482
12 10 1.7288e-05 388.67 184.097 511.0 511.0
12 11 0.00535211 0.0 0.0 511.0 511.0
12 11 6.00576e-05 267.814 0.0 431.47 137.99
12 11 4.73418e-05 29.0266 286.665 89.8485 437.562
12 11 2.97396e-05 3.05967 85.6751 68.1215 203.132
12 11 2.43946e-05 0.0 323.338 138.735 511.0
12 11 2.26297e-05 359.764 173.789 511.0 511.0
12 12 0.00437007 49.665 76.5853 430.433 476.974
12 12 5.35474e-05 16.6484 325.792 126.105 495.071
12 12 4.88037e-05 399.283 187.239 508.073 494.595
12 13 0.000826949 0.0 0.0 478.743 504.863
12 13 1.72212e-05 6.46379 83.6066 62.2694 196.649
12 13 8.97604e-06 6.25465 308.707 132.202 502.675
12 13 8.12799e-06 388.363 158.292 511.0 507.775
12 13 6.02041e-06 0.0 3.48352 44.4323 33.9517
12 14 0.00143433 0.0 8.71951 470.287 511.0
12 14 5.92874e-05 4.9133 88.8098 62.4167 201.49
12 14 3.51355e-05 0.684565 4.62385 42.2703 33.9737
12 14 3.12976e-05 9.45904 3.33308 49.4663 98.9681
12 14 3.02402e-05 0.0 0.0 139.333 300.612
12 14 2.11607e-05 287.336 0.0 411.907 120.791
12 15 0.0104249 0.0 0.0 485.973 511.0
12 15 0.000108033 7.29817 296.479 52.5787 402.092
12 15 9.08999e-05 2.00093 8.47228 41.3458 168.485
12 15 6.37035e-05 5.87996 289.496 120.215 499.249
12 15 4.59876e-05 382.928 122.992 511.0 495.027
12 16 0.661703 298.653 0.0 400.818 118.406
12 16 0.637171 22.5908 0.0 443.19 511.0
12 16 0.0142839 6.62125 0.0 127.502 293.945
12 16 0.0116152 304.592 0.0 482.659 253.086
12 16 0.00982134 36.5288 294.435 79.3318 423.763
12 17 0.00127999 8.84222 0.0 472.537 511.0
12 17 0.000183558 7.66893 88.5592 59.3769 196.56
12 17 5.99577e-05 6.75205 323.544 125.916 505.674
12 17 5.7274e-05 1.01116 3.69789 41.6801 33.7024
12 17 5.70667e-05 2.8018 14.0443 46.2078 145.154
12 17 3.82544e-05 389.328 190.416 511.0 511.0
12 17 3.57471e-05 1.70581 0.0 102.3 217.019
12 18 0.140401 0.0 50.7614 500.245 511.0
12 18 0.00106629 0.0 361.39 414.805 511.0
12 18 0.00058555 379.65 56.7335 511.0 511.0
12 18 0.000207817 5.13952 83.9719 65.0848 202.404
12 19 0.000371469 0.0 0.0 503.398 511.0
12 19 2.80838e-05 5.49113 88.8698 63.9222 196.852
12 19 1.63952e-05 1.55227 15.0543 49.6489 148.105
12 19 1.00638e-05 1.22696 3.03768 36.2999 53.4199
12 19 4.43574e-06 0.0 0.0 149.824 184.001
12 20 0.00139216 0.0 27.4106 469.843 511.0
12 20 0.000118659 394.416 190.455 511.0 511.0
12 20 6.07607e-05 7.69944 88.8587 60.8782 201.12
12 20 5.10609e-05 2.2854 0.0 104.993 220.044
12 20 5.08826e-05 2.83196 15.0655 47.8331 151.946
12 20 4.08547e-05 8.22364 319.32 129.987 505.685
12 20 3.76261e-05 0.0 3.87418 44.6819 34.7032
12 1 0.00138639 0.0 0.0 503.59 511.0
12 1 3.48234e-05 6.22812 83.2763 65.4694 199.513
12 1 1.66213e-05 0.0 4.32844 45.8816 31.9721
12 1 1.09783e-05 1.96018 0.0 151.807 186.901
12 1 1.01233e-05 1.73252 12.6869 50.8778 147.851
12 2 0.00161883 11.5707 31.2668 463.817 511.0
12 2 3.94283e-05 33.883 293.147 83.2474 423.032
12 2 3.21434e-05 293.171 0.0 409.14 116.509
12 2 2.58225e-05 9.70773 309.971 55.3269 399.739
12 2 2.48734e-05 7.06579 92.5343 60.8087 197.807
12 2 1.86414e-05 387.484 211.833 511.0 511.0
12 3 0.0122372 88.906 55.7903 424.593 482.252
12 3 0.000507777 29.063 21.3109 234.32 352.973
12 4 0.00100797 0.0 0.0 468.88 511.0
12 4 3.39895e-05 8.24005 83.691 61.4877 203.553
12 4 2.81452e-05 291.672 0.0 394.18 107.254
12 4 2.10566e-05 10.044 303.463 57.1108 406.137
12 4 1.78052e-05 10.6913 6.36992 50.6692 100.599
12 4 1.67467e-05 395.44 54.0507 511.0 511.0
12 4 1.60816e-05 1.02199 5.29172 43.6802 34.1763
12 5 0.188619 36.2525 7.42665 411.74 487.304
12 5 0.00707172 89.0569 23.5801 228.703 335.902
12 5 0.00355278 14.5551 7.74075 117.789 269.956
12 6 0.00036553 0.0 0.0 481.059 511.0
12 6 2.90825e-05 5.74867 86.067 63.2766 199.902
12 6 2.43616e-05 0.0 3.62115 44.5282 32.9406
12 6 2.01088e-05 1.3519 12.7127 49.0714 150.162
12 6 9.20476e-06 1.46842 314.523 133.633 508.866
12 6 7.88381e-06 8.03961 304.117 57.6563 400.84
12 6 7.43699e-06 284.539 0.0 401.242 101.732
12 6 7.08313e-06 0.0 0.0 110.338 224.716
12 7 0.00156703 0.0 0.0 500.273 511.0
12 7 0.000316185 5.54815 84.9857 62.4226 198.658
12 7 0.00014922 1.41897 1.37577 34.8418 52.7534
12 7 2.90765e-05 0.931328 12.0266 49.1579 150.121
12 7 2.78789e-05 0.0 0.0 109.369 222.843
12 7 2.30989e-05 291.564 0.0 410.994 117.49
12 7 1.70035e-05 2.09695 310.533 135.504 505.27
12 8 0.00364318 52.5665 43.8618 439.06 461.015
12 8 9.62886e-05 398.06 198.383 508.616 485.16
12 8 6.49102e-05 5.40201 29.4919 41.7605 160.08
12 9 0.0421613 4.98819 34.4605 504.682 511.0
12 9 0.0307829 389.052 180.84 511.0 511.0
12 9 0.00475604 0.0 346.881 262.277 511.0
12 9 0.000436282 33.9814 293.73 78.8893 439.315
12 10 0.00278927 7.74123 0.0 478.344 511.0
12 10 8.16805e-05 7.34866 86.6597 60.4701 198.626
12 10 2.61921e-05 2.69009 13.9899 47.1567 150.619
12 10 1.93653e-05 0.729097 4.09381 42.253 34.1482
12 10 1.7288e-05 388.67 184.097 511.0 511.0
12 11 0.00535211 0.0 0.0 511.0 511.0
12 11 6.00576e-05 267.814 0.0 431.47 137.99
12 11 4.73418e-05 29.0266 286.665 89.8485 437.562
12 11 2.97396e-05 3.05967 85.6751 68.1215 203.132
12 11 2.43946e-05 0.0 323.338 138.735 511.0
12 11 2.26297e-05 359.764 173.789 511.0 511.0
12 12 0.00437007 49.665 76.5853 430.433 476.974
12 12 5.35474e-05 16.6484 325.792 126.105 495.071
12 12 4.88037e-05 399.283 187.239 508.073 494.595
12 13 0.000826949 0.0 0.0 478.743 504.863
12 13 1.72212e-05 6.46379 83.6066 62.2694 196.649
12 13 8.97604e-06 6.25465 308.707 132.202 502.675
12 13 8.12799e-06 388.363 158.292 511.0 507.775
12 13 6.02041e-06 0.0 3.48352 44.4323 33.9517
12 14 0.00143433 0.0 8.71951 470.287 511.0
12 14 5.92874e-05 4.9133 88.8098 62.4167 201.49
12 14 3.51355e-05 0.684565 4.62385 42.2703 33.9737
12 14 3.12976e-05 9.45904 3.33308 49.4663 98.9681
12 14 3.02402e-05 0.0 0.0 139.333 300.612
12 14 2.11607e-05 287.336 0.0 411.907 120.791
12 15 0.0104249 0.0 0.0 485.973 511.0
12 15 0.000108033 7.29817 296.479 52.5787 402.092
12 15 9.08999e-05 2.00093 8.47228 41.3458 168.485
12 15 6.37035e-05 5.87996 289.496 120.215 499.249
12 15 4.59876e-05 382.928 122.992 511.0 495.027
12 16 0.661703 298.653 0.0 400.818 118.406
12 16 0.637171 22.5908 0.0 443.19 511.0
12 16 0.0142839 6.62125 0.0 127.502 293.945
12 16 0.0116152 304.592 0.0 482.659 253.086
12 16 0.00982134 36.5288 294.435 79.3318 423.763
12 17 0.00127999 8.84222 0.0 472.537 511.0
12 17 0.000183558 7.66893 88.5592 59.3769 196.56
12 17 5.99577e-05 6.75205 323.544 125.916 505.674
12 17 5.7274e-05 1.01116 3.69789 41.6801 33.7024
12 17 5.70667e-05 2.8018 14.0443 46.2078 145.154
12 17 3.82544e-05 389.328 190.416 511.0 511.0
12 17 3.57471e-05 1.70581 0.0 102.3 217.019
12 18 0.140401 0.0 50.7614 500.245 511.0
12 18 0.00106629 0.0 361.39 414.805 511.0
12 18 0.00058555 379.65 56.7335 511.0 511.0
12 18 0.000207817 5.13952 83.9719 65.0848 202.404
12 19 0.000371469 0.0 0.0 503.398 511.0
12 19 2.80838e-05 5.49113 88.8698 63.9222 196.852
12 19 1.63952e-05 1.55227 15.0543 49.6489 148.105
12 19 1.00638e-05 1.22696 3.03768 36.2999 53.4199
12 19 4.43574e-06 0.0 0.0 149.824 184.001
12 20 0.00139216 0.0 27.4106 469.843 511.0
12 20 0.000118659 394.416 190.455 511.0 511.0
12 20 6.07607e-05 7.69944 88.8587 60.8782 201.12
12 20 5.10609e-05 2.2854 0.0 104.993 220.044
12 20 5.08826e-05 2.83196 15.0655 47.8331 151.946
12 20 4.08547e-05 8.22364 319.32 129.987 505.685
12 20 3.76261e-05 0.0 3.87418 44.6819 34.7032
12 1 0.00138639 0.0 0.0 503.59 511.0
12 1 3.48234e-05 6.22812 83.2763 65.4694 199.513
12 1 1.66213e-05 0.0 4.32844 45.8816 31.9721
12 1 1.09783e-05 1.96018 0.0 151.807 186.901
12 1 1.01233e-05 1.73252 12.6869 50.8778 147.851
12 2 0.00161883 11.5707 31.2668 463.817 511.0
12 2 3.94283e-05 33.883 293.147 83.2474 423.032
12 2 3.21434e-05 293.171 0.0 409.14 116.509
12 2 2.58225e-05 9.70773 309.971 55.3269 399.739
12 2 2.48734e-05 7.06579 92.5343 60.8087 197.807
12 2 1.86414e-05 387.484 211.833 511.0 511.0
12 3 0.0122372 88.906 55.7903 424.593 482.252
12 3 0.000507777 29.063 21.3109 234.32 352.973
12 4 0.00100797 0.0 0.0 468.88 511.0
12 4 3.39895e-05 8.24005 83.691 61.4877 203.553
12 4 2.81452e-05 291.672 0.0 394.18 107.254
12 4 2.10566e-05 10.044 303.463 57.1108 406.137
12 4 1.78052e-05 10.6913 6.36992 50.6692 100.599
12 4 1.67467e-05 395.44 54.0507 511.0 511.0
12 4 1.60816e-05 1.02199 5.29172 43.6802 34.1763
12 5 0.188619 36.2525 7.42665 411.74 487.304
12 5 0.00707172 89.0569 23.5801 228.703 335.902
12 5 0.00355278 14.5551 7.74075 117.789 269.956
12 6 0.00036553 0.0 0.0 481.059 511.0
12 6 2.90825e-05 5.74867 86.067 63.2766 199.902
12 6 2.43616e-05 0.0 3.62115 44.5282 32.9406
12 6 2.01088e-05 1.3519 12.7127 49.0714 150.162
12 6 9.20476e-06 1.46842 314.523 133.633 508.866
12 6 7.88381e-06 8.03961 304.117 57.6563 400.84
12 6 7.43699e-06 284.539 0.0 401.242 101.732
12 6 7.08313e-06 0.0 0.0 110.338 224.716
12 7 0.00156703 0.0 0.0 500.273 511.0
12 7 0.000316185 5.54815 84.9857 62.4226 198.658
12 7 0.00014922 1.41897 1.37577 34.8418 52.7534
12 7 2.90765e-05 0.931328 12.0266 49.1579 150.121
12 7 2.78789e-05 0.0 0.0 109.369 222.843
12 7 2.30989e-05 291.564 0.0 410.994 117.49
12 7 1.70035e-05 2.09695 310.533 135.504 505.27
12 8 0.00364318 52.5665 43.8618 439.06 461.015
12 8 9.62886e-05 398.06 198.383 508.616 485.16
12 8 6.49102e-05 5.40201 29.4919 41.7605 160.08
12 9 0.0421613 4.98819 34.4605 504.682 511.0
12 9 0.0307829 389.052 180.84 511.0 511.0
12 9 0.00475604 0.0 346.881 262.277 511.0
12 9 0.000436282 33.9814 293.73 78.8893 439.315
12 10 0.00278927 7.74123 0.0 478.344 511.0
12 10 8.16805e-05 7.34866 86.6597 60.4701 198.626
12 10 2.61921e-05 2.69009 13.9899 47.1567 150.619
12 10 1.93653e-05 0.729097 4.09381 42.253 34.1482
12 10 1.7288e-05 388.67 184.097 511.0 511.0
12 11 0.00535211 0.0 0.0 511.0 511.0
12 11 6.00576e-05 267.814 0.0 431.47 137.99
12 11 4.73418e-05 29.0266 286.665 89.8485 437.562
12 11 2.97396e-05 3.05967 85.6751 68.1215 203.132
12 11 2.43946e-05 0.0 323.338 138.735 511.0
12 11 2.26297e-05 359.764 173.789 511.0 511.0
12 12 0.00437007 49.665 76.5853 430.433 476.974
12 12 5.35474e-05 16.6484 325.792 126.105 495.071
12 12 4.88037e-05 399.283 187.239 508.073 494.595
12 13 0.000826949 0.0 0.0 478.743 504.863
12 13 1.72212e-05 6.46379 83.6066 62.2694 196.649
12 13 8.97604e-06 6.25465 308.707 132.202 502.675
12 13 8.12799e-06 388.363 158.292 511.0 507.775
12 13 6.02041e-06 0.0 3.48352 44.4323 33.9517
12 14 0.00143433 0.0 8.71951 470.287 511.0
12 14 5.92874e-05 4.9133 88.8098 62.4167 201.49
12 14 3.51355e-05 0.684565 4.62385 42.2703 33.9737
12 14 3.12976e-05 9.45904 3.33308 49.4663 98.9681
12 14 3.02402e-05 0.0 0.0 139.333 300.612
12 14 2.11607e-05 287.336 0.0 411.907 120.791
12 15 0.0104249 0.0 0.0 485.973 511.0
12 15 0.000108033 7.29817 296.479 52.5787 402.092
12 15 9.08999e-05 2.00093 8.47228 41.3458 168.485
12 15 6.37035e-05 5.87996 289.496 120.215 499.249
12 15 4.59876e-05 382.928 122.992 511.0 495.027
12 16 0.661703 298.653 0.0 400.818 118.406
12 16 0.637171 22.5908 0.0 443.19 511.0
12 16 0.0142839 6.62125 0.0 127.502 293.945
12 16 0.0116152 304.592 0.0 482.659 253.086
12 16 0.00982134 36.5288 294.435 79.3318 423.763
12 17 0.00127999 8.84222 0.0 472.537 511.0
12 17 0.000183558 7.66893 88.5592 59.3769 196.56
12 17 5.99577e-05 6.75205 323.544 125.916 505.674
12 17 5.7274e-05 1.01116 3.69789 41.6801 33.7024
12 17 5.70667e-05 2.8018 14.0443 46.2078 145.154
12 17 3.82544e-05 389.328 190.416 511.0 511.0
12 17 3.57471e-05 1.70581 0.0 102.3 217.019
12 18 0.140401 0.0 50.7614 500.245 511.0
12 18 0.00106629 0.0 361.39 414.805 511.0
12 18 0.00058555 379.65 56.7335 511.0 511.0
12 18 0.000207817 5.13952 83.9719 65.0848 202.404
12 19 0.000371469 0.0 0.0 503.398 511.0
12 19 2.80838e-05 5.49113 88.8698 63.9222 196.852
12 19 1.63952e-05 1.55227 15.0543 49.6489 148.105
12 19 1.00638e-05 1.22696 3.03768 36.2999 53.4199
12 19 4.43574e-06 0.0 0.0 149.824 184.001
12 20 0.00139216 0.0 27.4106 469.843 511.0
12 20 0.000118659 394.416 190.455 511.0 511.0
12 20 6.07607e-05 7.69944 88.8587 60.8782 201.12
12 20 5.10609e-05 2.2854 0.0 104.993 220.044
12 20 5.08826e-05 2.83196 15.0655 47.8331 151.946
12 20 4.08547e-05 8.22364 319.32 129.987 505.685
12 20 3.76261e-05 0.0 3.87418 44.6819 34.7032
12 1 0.00138639 0.0 0.0 503.59 511.0
12 1 3.48234e-05 6.22812 83.2763 65.4694 199.513
12 1 1.66213e-05 0.0 4.32844 45.8816 31.9721
12 1 1.09783e-05 1.96018 0.0 151.807 186.901
12 1 1.01233e-05 1.73252 12.6869 50.8778 147.851
12 2 0.00161883 11.5707 31.2668 463.817 511.0
12 2 3.94283e-05 33.883 293.147 83.2474 423.032
12 2 3.21434e-05 293.171 0.0 409.14 116.509
12 2 2.58225e-05 9.70773 309.971 55.3269 399.739
12 2 2.48734e-05 7.06579 92.5343 60.8087 197.807
12 2 1.86414e-05 387.484 211.833 511.0 511.0
12 3 0.0122372 88.906 55.7903 424.593 482.252
12 3 0.000507777 29.063 21.3109 234.32 352.973
12 4 0.00100797 0.0 0.0 468.88 511.0
12 4 3.39895e-05 8.24005 83.691 61.4877 203.553
12 4 2.81452e-05 291.672 0.0 394.18 107.254
12 4 2.10566e-05 10.044 303.463 57.1108 406.137
12 4 1.78052e-05 10.6913 6.36992 50.6692 100.599
12 4 1.67467e-05 395.44 54.0507 511.0 511.0
12 4 1.60816e-05 1.02199 5.29172 43.6802 34.1763
12 5 0.188619 36.2525 7.42665 411.74 487.304
12 5 0.00707172 89.0569 23.5801 228.703 335.902
12 5 0.00355278 14.5551 7.74075 117.789 269.956
12 6 0.00036553 0.0 0.0 481.059 511.0
12 6 2.90825e-05 5.74867 86.067 63.2766 199.902
12 6 2.43616e-05 0.0 3.62115 44.5282 32.9406
12 6 2.01088e-05 1.3519 12.7127 49.0714 150.162
12 6 9.20476e-06 1.46842 314.523 133.633 508.866
12 6 7.88381e-06 8.03961 304.117 57.6563 400.84
12 6 7.43699e-06 284.539 0.0 401.242 101.732
12 6 7.08313e-06 0.0 0.0 110.338 224.716
12 7 0.00156703 0.0 0.0 500.273 511.0
12 7 0.000316185 5.54815 84.9857 62.4226 198.658
12 7 0.00014922 1.41897 1.37577 34.8418 52.7534
12 7 2.90765e-05 0.931328 12.0266 49.1579 150.121
12 7 2.78789e-05 0.0 0.0 109.369 222.843
12 7 2.30989e-05 291.564 0.0 410.994 117.49
12 7 1.70035e-05 2.09695 310.533 135.504 505.27
12 8 0.00364318 52.5665 43.8618 439.06 461.015
12 8 9.62886e-05 398.06 198.383 508.616 485.16
12 8 6.49102e-05 5.40201 29.4919 41.7605 160.08
12 9 0.0421613 4.98819 34.4605 504.682 511.0
12 9 0.0307829 389.052 180.84 511.0 511.0
12 9 0.00475604 0.0 346.881 262.277 511.0
12 9 0.000436282 33.9814 293.73 78.8893 439.315
12 10 0.00278927 7.74123 0.0 478.344 511.0
12 10 8.16805e-05 7.34866 86.6597 60.4701 198.626
12 10 2.61921e-05 2.69009 13.9899 47.1567 150.619
12 10 1.93653e-05 0.729097 4.09381 42.253 34.1482
12 10 1.7288e-05 388.67 184.097 511.0 511.0
12 11 0.00535211 0.0 0.0 511.0 511.0
12 11 6.00576e-05 267.814 0.0 431.47 137.99
12 11 4.73418e-05 29.0266 286.665 89.8485 437.562
12 11 2.97396e-05 3.05967 85.6751 68.1215 203.132
12 11 2.43946e-05 0.0 323.338 138.735 511.0
12 11 2.26297e-05 359.764 173.789 511.0 511.0
12 12 0.00437007 49.665 76.5853 430.433 476.974
12 12 5.35474e-05 16.6484 325.792 126.105 495.071
12 12 4.88037e-05 399.283 187.239 508.073 494.595
12 13 0.000826949 0.0 0.0 478.743 504.863
12 13 1.72212e-05 6.46379 83.6066 62.2694 196.649
12 13 8.97604e-06 6.25465 308.707 132.202 502.675
12 13 8.12799e-06 388.363 158.292 511.0 507.775
12 13 6.02041e-06 0.0 3.48352 44.4323 33.9517
12 14 0.00143433 0.0 8.71951 470.287 511.0
12 14 5.92874e-05 4.9133 88.8098 62.4167 201.49
12 14 3.51355e-05 0.684565 4.62385 42.2703 33.9737
12 14 3.12976e-05 9.45904 3.33308 49.4663 98.9681
12 14 3.02402e-05 0.0 0.0 139.333 300.612
12 14 2.11607e-05 287.336 0.0 411.907 120.791
12 15 0.0104249 0.0 0.0 485.973 511.0
12 15 0.000108033 7.29817 296.479 52.5787 402.092
12 15 9.08999e-05 2.00093 8.47228 41.3458 168.485
12 15 6.37035e-05 5.87996 289.496 120.215 499.249
12 15 4.59876e-05 382.928 122.992 511.0 495.027
12 16 0.661703 298.653 0.0 400.818 118.406
12 16 0.637171 22.5908 0.0 443.19 511.0
12 16 0.0142839 6.62125 0.0 127.502 293.945
12 16 0.0116152 304.592 0.0 482.659 253.086
12 16 0.00982134 36.5288 294.435 79.3318 423.763
12 17 0.00127999 8.84222 0.0 472.537 511.0
12 17 0.000183558 7.66893 88.5592 59.3769 196.56
12 17 5.99577e-05 6.75205 323.544 125.916 505.674
12 17 5.7274e-05 1.01116 3.69789 41.6801 33.7024
12 17 5.70667e-05 2.8018 14.0443 46.2078 145.154
12 17 3.82544e-05 389.328 190.416 511.0 511.0
12 17 3.57471e-05 1.70581 0.0 102.3 217.019
12 18 0.140401 0.0 50.7614 500.245 511.0
12 18 0.00106629 0.0 361.39 414.805 511.0
12 18 0.00058555 379.65 56.7335 511.0 511.0
12 18 0.000207817 5.13952 83.9719 65.0848 202.404
12 19 0.000371469 0.0 0.0 503.398 511.0
12 19 2.80838e-05 5.49113 88.8698 63.9222 196.852
12 19 1.63952e-05 1.55227 15.0543 49.6489 148.105
12 19 1.00638e-05 1.22696 3.03768 36.2999 53.4199
12 19 4.43574e-06 0.0 0.0 149.824 184.001
12 20 0.00139216 0.0 27.4106 469.843 511.0
12 20 0.000118659 394.416 190.455 511.0 511.0
12 20 6.07607e-05 7.69944 88.8587 60.8782 201.12
12 20 5.10609e-05 2.2854 0.0 104.993 220.044
12 20 5.08826e-05 2.83196 15.0655 47.8331 151.946
12 20 4.08547e-05 8.22364 319.32 129.987 505.685
12 20 3.76261e-05 0.0 3.87418 44.6819 34.7032
