13 1 0.00357502 0.0 0.0 88.6947 196.075
13 1 0.000287247 294.257 9.5733 348.931 60.0238
13 1 0.000250919 0.0 10.3535 247.143 251.153
13 1 0.000191979 24.3874 8.57373 509.033 511.0
13 2 0.00374395 0.0 8.04924 84.324 192.602
13 2 0.00156722 30.5486 22.9569 111.096 120.546
13 2 0.00134817 295.939 11.7151 345.876 58.7801
13 2 0.00100572 13.5515 90.2691 459.987 511.0
13 2 0.000198088 0.0 38.0072 228.203 243.55
13 3 0.0124764 307.922 7.09964 353.69 60.9895
13 3 0.0114667 0.466991 11.3381 124.232 112.482
13 3 0.00165052 21.2938 21.9729 417.609 278.72
13 4 0.00221908 0.493279 0.0 84.9015 194.826
13 4 0.00194522 305.397 5.287 356.236 65.848
13 4 0.00047382 32.1501 16.5147 110.806 123.443
13 4 0.000308926 34.063 0.0 494.1 511.0
13 4 9.66582e-05 0.0 9.04245 237.03 252.91
13 5 0.0363109 4.33858 10.9805 113.118 109.095
13 5 0.0341358 301.191 8.86177 339.071 57.0422
13 5 0.0316039 96.5853 19.3547 427.228 477.823
13 5 0.00663506 315.893 5.27504 367.765 74.3273
13 5 0.00580917 35.2267 9.99121 217.248 324.861
13 6 0.00325888 0.0 0.0 88.7255 187.7
13 6 0.000436769 294.003 6.68543 347.17 58.5679
13 6 0.000263733 0.0 0.0 479.193 302.874
13 6 5.76208e-05 47.4377 11.4546 119.358 105.437
13 7 0.00907758 0.0 0.0 87.6361 184.928
13 7 0.000496294 301.707 5.5091 358.705 64.2129
13 7 0.000480405 0.0 19.4456 443.378 279.258
13 7 0.000187546 0.745903 93.4142 47.9976 191.737
13 7 0.000127017 39.0464 11.3473 108.004 91.0059
13 8 0.00570041 4.7477 6.64987 79.8042 176.755
13 8 0.00237135 298.849 10.1972 343.48 55.1961
13 8 0.00218729 84.9039 70.9844 424.071 471.871
13 8 0.000801584 35.3457 18.3161 107.013 113.977
13 8 0.000313456 14.0136 24.0958 223.396 235.344
13 9 0.442922 0.0 0.0 80.3909 198.44
13 9 0.150631 2.90396 11.5248 467.329 511.0
13 9 0.0819025 359.623 46.468 511.0 511.0
13 9 0.0177158 30.3348 21.2168 108.834 126.846
13 9 0.0144872 0.0 226.337 230.842 511.0
13 9 0.0069139 0.0 15.8336 228.426 254.46
13 10 0.00447362 1.72036 1.74062 82.0635 192.036
13 10 0.00135398 43.491 11.8159 479.892 511.0
13 10 0.00104898 33.7396 15.9347 108.971 123.133
13 10 0.000541005 303.466 3.14138 356.397 65.3095
13 10 0.000238349 4.16364 16.6068 226.197 247.517
13 11 0.00303903 0.0 0.0 95.8893 195.037
13 11 0.000549431 8.63037 50.9949 483.813 501.792
13 11 0.000321243 289.506 9.15628 351.472 62.3636
13 12 0.0581236 143.424 39.6806 446.072 485.813
13 12 0.0125888 5.34003 9.83838 78.2019 184.02
13 12 0.00278518 34.4831 21.0094 105.879 118.882
13 12 0.0025705 305.407 5.21543 355.346 63.566
13 12 0.00148909 15.1596 25.6611 223.806 243.944
13 13 0.00259645 5.84254 0.0 482.07 501.828
13 13 0.00160618 0.0 0.0 86.9339 188.66
13 13 0.000634744 295.836 8.41099 345.922 59.8497
13 13 0.000194674 0.0 8.9165 240.258 246.903
13 14 0.00629508 0.0 0.0 87.0098 197.002
13 14 0.00073642 294.788 11.1078 345.649 59.9249
13 14 0.000680395 0.0 17.6764 467.253 334.2
13 14 0.000247577 39.5183 10.6624 107.858 95.9931
13 15 0.868264 0.0 0.0 511.0 501.056
13 15 0.0237284 372.473 83.2654 511.0 499.324
13 15 0.0223503 302.644 3.48446 357.1 63.4539
13 15 0.0147983 0.0 0.0 114.194 131.05
13 15 0.0138668 2.72621 0.0 226.37 249.37
13 16 0.233999 296.871 9.86034 344.595 62.2787
13 16 0.0081317 2.69835 0.0 78.1864 184.544
13 16 0.00437366 35.0168 11.9012 106.359 119.601
13 16 0.00207381 59.194 2.85391 470.252 495.623
13 16 0.000411527 327.083 2.0588 389.935 86.8662
13 17 0.0115365 1.12418 0.243492 82.3318 187.711
13 17 0.00206022 33.5249 14.1019 108.329 119.744
13 17 0.000846014 44.1788 26.8754 478.314 510.041
13 17 0.000563607 303.972 2.70677 355.009 63.4705
13 17 0.000357144 3.74763 22.0814 225.01 238.314
13 17 0.000257078 3.71069 101.342 44.8033 194.207
13 18 0.0620332 2.43803 76.5938 69.8761 180.395
13 18 0.0114936 0.0 6.69333 127.435 140.945
13 18 0.0107432 0.0 0.0 511.0 511.0
13 18 0.00106071 363.127 120.848 511.0 511.0
13 18 0.00098057 0.0 10.6438 252.779 253.225
13 19 0.00224374 0.0 0.0 90.1988 186.239
13 19 0.000210604 0.0 0.0 484.892 315.488
13 19 0.000180558 294.938 8.40195 347.378 59.1011
13 20 0.00601758 2.7555 2.1199 82.5323 178.22
13 20 0.00194064 33.811 17.4341 109.235 116.407
13 20 0.000890025 295.561 7.29434 344.993 59.4262
13 20 0.000729705 47.0085 28.7248 480.164 498.94
13 20 0.000359171 6.02393 19.8039 225.927 233.576
