14 1 0.000275699 0.0 251.648 408.61 511.0
14 1 0.000158968 0.0 66.234 294.983 372.783
14 1 0.000123101 203.798 300.606 290.777 418.532
14 2 0.00183295 0.223434 103.741 274.365 363.603
14 2 0.00146233 0.0 249.478 383.224 507.81
14 3 0.00409354 208.09 301.1 283.911 420.328
14 3 0.00135622 148.94 223.876 362.419 494.633
14 3 0.00128992 26.5374 63.075 309.433 423.708
14 4 0.000363391 0.0 61.6593 279.041 375.164
14 4 0.000314373 0.0 249.928 384.104 511.0
14 4 0.000252425 206.105 299.78 287.086 423.979
14 5 0.0984333 214.126 301.616 278.951 417.694
14 5 0.0180068 170.854 228.349 342.126 491.325
14 5 0.00274178 232.813 201.303 292.524 374.128
14 5 0.00239576 48.4577 71.0196 284.191 412.091
14 6 0.000481233 0.0 45.9459 427.814 356.087
14 6 0.000319472 0.0 250.258 394.319 505.126
14 6 0.000145249 205.251 302.412 287.682 419.39
14 7 0.000911788 0.0 254.666 392.811 503.034
14 7 0.000509542 0.0 75.7357 286.657 353.073
14 8 0.00250604 207.161 300.406 284.986 416.787
14 8 0.00118446 12.9659 37.8166 251.177 456.97
14 8 0.000737883 147.797 233.988 363.209 486.844
14 9 0.00292015 359.088 212.971 511.0 481.748
14 9 0.00267456 162.58 193.227 338.728 505.364
14 9 0.00121433 0.0 373.861 219.942 511.0
14 9 0.000752216 6.51707 48.0962 254.585 467.2
14 10 0.000622306 1.4131 262.594 366.8 505.667
14 10 0.000614633 3.4823 69.7243 271.133 373.262
14 10 0.000187385 207.114 299.39 286.034 423.064
14 11 0.000407463 82.9613 277.588 408.696 507.175
14 11 0.000135417 0.0 86.1041 278.619 347.504
14 11 9.80861e-05 164.532 44.3426 510.336 458.019
14 12 0.00151331 24.0273 294.428 395.539 500.064
14 12 0.00141358 11.9837 41.1513 252.36 470.418
14 12 0.000945065 205.898 298.828 285.031 420.772
14 13 0.00656206 1.7215 71.3202 277.945 379.001
14 13 0.00200102 159.813 156.315 344.425 506.256
14 14 0.00311837 0.0 282.207 395.01 509.523
14 14 0.00122401 0.0 90.0869 281.564 374.566
14 15 0.990965 12.385 6.58818 351.11 503.648
14 15 0.964995 262.02 0.0 484.963 479.545
14 16 0.00114742 84.7722 288.975 360.178 502.001
14 16 0.000760438 16.842 15.3306 195.203 405.767
14 16 0.000388487 209.649 299.387 284.004 424.474
14 16 0.000250528 436.204 18.2477 501.509 140.246
14 16 0.000211941 109.427 40.6355 346.954 408.818
14 17 0.000413364 3.01624 82.0015 271.088 361.639
14 17 0.000392215 0.0 276.235 367.466 506.937
14 17 0.000361542 207.059 301.83 284.526 418.305
14 17 0.000107773 361.335 214.788 511.0 485.379
14 18 0.000759996 0.0 263.005 406.755 505.427
14 18 0.000359311 306.303 96.1345 511.0 483.416
14 18 0.000166585 0.0 71.381 442.815 369.852
14 19 0.000422072 0.0 246.028 398.401 508.562
14 19 0.000403202 0.0 57.5819 288.685 363.146
14 20 0.000682628 4.48988 39.0089 253.647 419.776
14 20 0.000530691 63.9575 299.057 376.913 503.96
14 20 0.000328225 206.26 302.928 287.199 423.329
14 20 0.00017523 171.026 59.672 333.384 450.444
14 20 0.000168641 431.429 17.762 503.874 133.911
