15 1 0.012175 64.3575 129.2 446.603 238.737
15 1 0.0006001 476.638 127.95 511.0 197.994
15 1 0.000202657 0.0 393.819 221.496 503.541
15 1 9.52076e-05 111.404 401.979 159.204 452.874
15 2 0.00338926 221.636 126.981 419.901 246.501
15 2 0.000341714 479.163 130.737 509.924 198.735
15 2 8.88293e-05 53.1998 136.294 316.291 233.63
15 2 5.23662e-05 5.68719 397.065 214.125 505.951
15 2 2.73534e-05 2.66887 84.2554 31.2911 172.794
15 3 0.00234414 234.495 123.307 412.946 243.884
15 3 0.000275044 73.9275 134.997 352.269 225.397
15 3 0.000246001 18.8986 273.461 309.003 410.076
15 3 0.000151294 480.843 126.93 508.762 197.054
15 3 0.000113633 20.4769 394.406 203.315 500.96
15 4 0.422486 48.4782 115.103 444.859 249.112
15 4 0.00228198 478.487 123.487 510.363 201.937
15 4 0.0022802 243.274 123.758 358.256 249.446
15 5 0.00168823 242.045 120.138 409.679 249.825
15 5 0.000565415 74.9455 129.353 321.943 230.317
15 5 0.000235615 481.982 126.113 507.452 199.726
15 5 3.81252e-05 21.8128 391.12 189.282 510.454
15 6 0.191553 215.271 128.269 425.325 243.424
15 6 0.00063586 477.173 127.248 510.713 198.098
15 6 0.00027927 47.2854 136.235 331.698 234.827
15 7 0.00759694 215.208 125.811 424.085 244.603
15 7 0.000422149 478.071 128.306 510.695 196.848
15 7 7.26878e-05 0.855782 393.736 218.061 501.776
15 8 0.00284635 227.014 128.561 412.586 244.321
15 8 0.000156689 479.781 129.075 509.006 197.378
15 8 8.16413e-05 67.9083 136.386 313.197 231.2
15 8 4.42209e-05 10.8632 395.106 205.232 505.23
15 8 2.04136e-05 10.7506 268.28 308.85 412.259
15 9 0.002478 233.407 136.213 402.157 246.528
15 9 0.000550373 480.464 131.249 509.245 201.465
15 9 9.0511e-05 62.7659 136.937 305.735 240.589
15 9 2.8819e-05 8.24747 394.818 209.715 511.0
15 9 2.38417e-05 2.32809 106.287 31.7499 195.293
15 10 0.00417146 234.73 128.947 415.382 247.602
15 10 0.000632901 479.82 128.303 509.661 199.114
15 10 0.000258187 12.7104 395.103 206.721 506.943
15 10 0.000253482 70.3589 136.135 347.756 228.478
15 11 0.00299258 15.0211 132.718 445.498 256.654
15 11 0.00057798 473.704 131.29 511.0 202.594
15 11 2.63792e-05 0.0 395.269 241.367 511.0
15 11 2.02767e-05 0.0 248.498 443.289 506.371
15 12 0.00115832 227.46 129.632 411.397 247.146
15 12 0.000211227 480.267 129.865 508.525 198.547
15 12 3.34268e-05 13.1801 397.41 204.255 507.323
15 12 2.0425e-05 71.0817 137.789 314.531 233.445
15 12 1.639e-05 11.3405 271.593 307.596 415.688
15 13 0.00899634 224.666 124.773 419.747 245.962
15 13 0.000612916 478.425 126.293 510.448 198.501
15 13 5.85535e-05 0.0 389.055 217.695 506.492
15 13 5.56774e-05 57.6467 133.32 320.788 234.005
15 14 0.000742373 219.66 129.651 418.905 246.191
15 14 0.000320669 477.973 130.301 510.245 199.028
15 14 2.39404e-05 48.5363 137.314 318.297 236.364
15 14 2.17251e-05 2.0782 397.003 214.026 507.306
15 14 1.49175e-05 1.50628 79.7597 32.2435 172.423
15 15 0.0113579 4.07078 65.2044 29.7095 170.518
15 15 0.00595191 20.8097 61.9981 61.4766 146.547
15 15 0.00288328 245.299 135.188 378.615 251.659
15 15 0.00109805 482.26 125.245 509.09 201.236
15 15 0.000347823 107.384 144.765 330.459 247.802
15 15 0.000251954 11.4258 5.01649 80.3989 206.384
15 16 0.00493559 480.641 125.029 508.378 199.644
15 16 0.00243386 62.1756 119.946 401.267 248.474
15 16 0.000200624 10.1816 390.283 203.377 511.0
15 16 9.46312e-05 6.66797 231.958 372.268 495.461
15 17 0.001864 228.783 126.393 417.267 245.259
15 17 0.000348346 479.568 129.016 509.657 200.283
15 17 0.000299989 7.94419 394.702 207.673 509.382
15 17 0.000275863 62.8831 133.84 346.815 225.531
15 17 4.84819e-05 25.2214 258.686 357.299 437.008
15 18 0.00296438 49.3235 131.536 433.822 247.493
15 18 0.000527706 476.648 130.028 511.0 199.264
15 18 8.97399e-05 0.0 392.398 229.734 510.228
15 18 2.67525e-05 245.428 136.472 354.333 249.656
15 19 0.0673893 73.7876 129.513 448.661 237.182
15 19 0.000639972 477.093 127.066 511.0 197.852
15 19 0.000151188 0.0 397.758 226.663 504.091
15 19 0.000119081 244.721 131.416 356.261 247.499
15 20 0.00484542 64.9096 125.08 422.489 235.914
15 20 0.000956255 479.17 127.584 509.531 198.102
15 20 0.000109859 0.922775 392.589 219.979 510.648
15 20 6.19303e-05 248.77 130.769 352.771 244.08
