16 1 0.00150301 352.059 170.151 417.256 240.537
16 1 1.16609e-05 487.965 0.0 511.0 44.4626
16 1 3.87431e-06 129.789 6.19095 511.0 511.0
16 1 2.30235e-07 112.973 226.917 219.153 362.831
16 2 0.0694242 354.105 175.435 415.042 240.913
16 2 1.91865e-05 161.192 111.166 511.0 511.0
16 2 1.87282e-05 12.9244 90.2664 321.981 468.307
16 2 1.51091e-05 489.135 0.0 510.718 45.9735
16 3 0.00378799 358.273 170.834 411.226 238.266
16 3 2.14985e-05 30.4377 41.4986 322.276 459.239
16 3 1.72158e-05 489.967 0.0 509.927 45.31
16 3 7.79633e-06 252.467 26.8313 509.45 511.0
16 3 3.45022e-06 117.073 227.183 211.887 354.791
16 4 0.00129286 353.62 167.893 415.773 242.089
16 4 2.53742e-05 489.139 0.0 510.693 48.5512
16 4 1.43649e-05 37.677 0.0 511.0 478.15
16 5 0.00634769 362.669 170.568 407.738 238.676
16 5 7.46204e-05 41.0713 30.9425 263.985 446.154
16 5 6.79926e-05 300.371 20.5537 496.748 505.473
16 5 1.70116e-05 124.934 233.32 198.795 352.534
16 5 1.28715e-05 63.7144 227.488 449.816 502.473
16 5 1.16547e-05 490.8 0.0 508.452 46.4882
16 6 0.000588118 352.597 168.111 416.617 239.573
16 6 1.03728e-05 487.721 0.0 511.0 45.574
16 6 7.42113e-06 18.4481 0.0 511.0 427.356
16 7 0.000249645 351.512 169.351 415.883 239.111
16 7 1.68623e-05 487.992 0.0 511.0 44.583
16 7 6.92828e-06 0.0 11.5482 506.147 435.593
16 7 4.41054e-07 109.719 228.302 216.64 355.334
16 8 0.0023139 357.439 169.793 411.521 237.66
16 8 1.71861e-05 489.536 0.0 510.147 45.2182
16 8 1.46837e-05 154.123 92.0444 501.564 501.832
16 8 9.26634e-06 50.7058 39.1475 292.061 457.961
16 8 2.2352e-06 118.41 222.636 211.072 350.09
16 9 0.0069208 358.035 171.523 412.603 242.953
16 9 7.95864e-05 4.68628 183.663 324.598 511.0
16 9 4.60645e-05 488.831 0.0 510.819 49.4761
16 9 1.17207e-05 187.325 31.8247 511.0 511.0
16 9 5.14906e-06 110.426 227.157 215.902 363.455
16 10 0.000432441 356.131 168.351 413.667 242.528
16 10 2.43754e-05 165.767 14.5295 511.0 511.0
16 10 8.16273e-06 488.946 0.0 510.621 47.0024
16 10 6.03812e-06 19.6371 19.6234 316.079 477.501
16 11 0.00189963 351.139 169.892 416.56 241.642
16 11 5.64705e-05 485.164 0.0 511.0 49.9377
16 11 1.17372e-05 17.6341 176.923 496.098 503.349
16 11 7.69449e-07 0.0 0.0 511.0 306.491
16 12 0.00212994 356.554 171.157 411.145 239.728
16 12 0.000150382 88.9511 139.84 498.919 500.246
16 12 1.50063e-05 489.739 0.0 509.844 45.9512
16 12 1.30451e-05 118.298 227.784 211.916 355.832
16 13 0.000659277 356.422 167.72 413.624 241.713
16 13 0.00014081 107.548 0.0 511.0 511.0
16 13 8.65703e-06 488.238 0.0 511.0 46.1931
16 14 0.00186323 352.885 172.683 415.62 242.028
16 14 2.91948e-05 147.486 69.6697 511.0 511.0
16 14 1.21743e-05 488.393 0.0 511.0 47.1641
16 14 2.28384e-06 27.2688 82.3136 303.001 478.091
16 15 0.999842 32.1454 20.3494 508.043 510.979
16 16 0.00571006 358.639 169.23 411.82 239.998
16 16 5.50228e-05 489.954 0.0 509.894 47.4953
16 16 2.94789e-05 33.611 28.9986 297.215 456.355
16 16 2.10435e-05 191.917 21.5159 505.762 511.0
16 17 0.000678372 355.672 169.921 413.477 240.572
16 17 2.92935e-05 489.074 0.0 510.52 46.7986
16 17 6.38731e-06 40.2964 165.19 511.0 511.0
16 17 8.53784e-07 113.688 227.987 211.93 356.144
16 18 0.000271126 350.112 167.746 418.475 239.635
16 18 2.10296e-05 486.253 0.0 511.0 48.7264
16 18 1.25197e-05 0.0 117.906 511.0 511.0
16 19 0.000228097 352.248 166.776 417.608 239.879
16 19 1.30019e-05 10.4731 0.0 511.0 460.638
16 19 3.26254e-06 487.663 0.0 511.0 45.6697
16 20 0.00139128 355.963 170.989 413.85 238.162
16 20 4.28158e-05 488.503 0.0 510.899 46.5988
16 20 1.55435e-05 192.805 7.45734 507.05 477.573
16 20 1.19886e-05 10.2122 15.982 325.008 432.756
16 20 2.10574e-06 374.135 0.0 511.0 323.373
