17 1 3.24684e-05 0.0 150.183 511.0 511.0
17 1 5.02642e-06 0.0 369.619 203.441 511.0
17 1 2.38274e-06 230.208 365.745 511.0 507.523
17 1 2.10734e-06 0.0 0.0 423.585 305.503
17 2 0.000297608 20.8875 219.693 511.0 511.0
17 2 6.64978e-05 1.80057 385.82 190.208 508.664
17 2 2.88151e-05 284.994 42.7387 508.705 454.12
17 2 2.57244e-05 9.86581 0.0 455.947 346.958
17 2 1.08406e-05 243.319 380.749 511.0 504.073
17 3 0.000148625 201.594 37.1734 489.465 496.153
17 3 3.46194e-05 7.68712 366.243 179.538 508.201
17 3 2.37111e-05 0.0 104.227 324.717 506.987
17 3 1.59125e-05 251.541 362.274 505.998 502.547
17 4 7.20775e-05 0.570053 0.0 482.148 511.0
17 4 8.44274e-06 0.0 362.789 192.937 511.0
17 4 8.15389e-06 329.475 11.7035 511.0 488.595
17 4 6.86712e-06 239.826 362.073 511.0 508.729
17 5 0.000655772 240.522 39.2465 463.627 483.883
17 5 0.000211797 17.1564 377.884 162.0 508.054
17 5 0.000202251 54.4065 17.4619 365.424 371.503
17 5 0.000114561 274.431 370.013 492.18 505.359
17 6 0.000131691 0.0 0.0 511.0 461.941
17 6 5.82032e-06 0.0 372.186 200.767 511.0
17 6 5.18774e-06 231.477 371.14 511.0 507.693
17 7 8.2926e-05 24.0948 1.49576 507.801 488.886
17 7 5.3463e-05 233.007 360.939 511.0 505.813
17 7 1.21752e-05 0.0 367.462 192.465 508.579
17 8 0.00189715 206.055 48.5808 483.405 482.675
17 8 0.000178674 29.4319 4.327 401.248 306.453
17 8 0.000109988 254.096 365.475 501.15 501.129
17 8 0.000104621 9.98751 368.425 177.227 506.869
17 9 0.00128084 192.044 25.3214 507.447 511.0
17 9 0.000152949 235.525 358.591 511.0 511.0
17 9 9.84211e-05 0.0 128.213 334.902 511.0
17 9 9.49855e-05 0.0 359.978 187.264 511.0
17 10 0.000110655 62.6823 1.97931 483.741 511.0
17 10 1.03684e-05 245.713 368.521 511.0 507.826
17 10 9.10754e-06 0.0 369.943 192.187 510.791
17 11 8.22151e-05 23.3408 179.688 511.0 504.559
17 11 3.71114e-05 0.0 372.994 213.235 511.0
17 11 8.15296e-06 228.172 369.006 511.0 511.0
17 11 8.07415e-06 0.0 0.0 492.042 333.416
17 12 0.00350412 197.909 52.9925 484.449 498.844
17 12 0.000342128 9.45996 367.818 178.233 505.824
17 12 8.84221e-05 0.0 120.084 329.551 501.193
17 13 0.000764557 14.0719 140.424 511.0 511.0
17 13 1.87813e-05 1.47211 363.109 190.481 508.054
17 14 0.000233896 45.2314 26.3592 508.991 511.0
17 14 1.21676e-05 0.0 376.092 197.892 509.314
17 15 0.998212 0.436844 26.7006 450.47 511.0
17 16 0.000229217 281.961 41.0576 511.0 484.949
17 16 6.52149e-05 42.56 0.0 431.897 361.309
17 16 2.63936e-05 8.37583 365.704 181.282 511.0
17 17 0.000127273 24.8778 168.901 511.0 511.0
17 17 6.25817e-05 0.309227 376.796 189.203 510.536
17 17 2.56765e-05 244.934 373.152 511.0 507.08
17 17 1.38855e-05 12.1186 0.0 397.725 289.209
17 17 1.13012e-05 259.879 43.1233 500.661 384.904
17 18 3.52908e-05 0.0 147.564 511.0 511.0
17 18 1.9184e-05 0.0 356.54 210.988 511.0
17 18 1.35499e-05 218.572 352.711 511.0 511.0
17 19 0.000148714 0.0 0.0 508.836 498.446
17 19 4.31394e-06 0.0 370.498 201.361 509.589
17 20 0.000331127 12.5755 0.0 464.334 430.666
17 20 0.000279478 335.522 18.9922 511.0 430.928
17 20 5.43356e-05 0.0 371.077 190.505 511.0
17 20 2.5598e-05 244.139 370.015 511.0 511.0
