2 1 0.0890394 192.054 92.9511 472.393 477.63
2 1 0.00135107 28.8019 210.224 159.293 389.562
2 1 0.000619602 180.531 347.634 506.41 511.0
2 2 0.00613391 182.806 143.226 475.317 501.317
2 2 0.000972644 11.1145 143.498 132.032 317.651
2 2 0.000609274 206.195 245.568 271.282 341.022
2 2 0.000275003 114.17 70.7121 473.2 283.805
2 2 0.000203978 4.96198 311.98 85.2749 495.054
2 3 0.00122227 228.964 98.6047 444.508 451.16
2 3 0.000940262 24.9399 149.614 122.165 294.082
2 3 0.000484141 40.885 215.633 144.479 374.105
2 3 0.000260524 210.53 244.56 268.543 337.007
2 4 0.0132919 191.044 56.99 473.732 491.547
2 4 0.000826208 198.147 217.722 289.46 369.442
2 4 0.000777902 9.808 133.645 132.972 324.575
2 4 0.00036178 95.4156 7.4874 274.952 463.426
2 5 0.00398 213.31 240.987 263.155 338.07
2 5 0.000704474 256.115 106.326 387.326 481.101
2 5 0.000421708 30.5726 142.221 114.201 294.906
2 5 0.000325371 42.0669 215.604 133.672 379.339
2 5 0.000138831 299.375 226.351 352.758 373.784
2 5 0.000111712 332.059 196.897 392.903 381.825
2 5 4.59837e-05 151.636 65.1516 441.862 284.348
2 6 0.00670433 116.68 97.4377 475.983 424.405
2 6 0.000596564 196.241 230.725 291.146 361.623
2 6 0.00019569 14.2904 145.64 129.693 297.343
2 6 0.000155121 26.4787 214.485 156.435 382.402
2 7 0.00392088 128.072 80.4517 483.836 469.94
2 7 0.000735711 14.9707 145.727 128.679 297.487
2 7 0.000133161 196.246 227.377 289.57 359.131
2 8 0.00166965 23.6961 153.963 121.024 291.183
2 8 0.00108323 208.863 247.124 269.599 333.446
2 8 0.000632117 218.324 102.406 449.099 453.795
2 8 0.000325408 39.4293 220.343 144.607 376.359
2 9 0.0532243 23.806 149.247 123.811 313.03
2 9 0.0254327 248.785 131.16 406.21 499.568
2 9 0.00962008 208.246 244.994 269.665 346.59
2 9 0.00285993 215.682 381.357 489.863 511.0
2 10 0.000980658 226.839 99.9935 449.439 485.261
2 10 0.000176228 208.537 244.62 270.202 342.892
2 10 9.30459e-05 22.8265 147.928 123.329 305.913
2 10 7.14863e-05 35.4963 216.437 146.016 388.41
2 10 3.95934e-05 207.373 375.082 494.391 508.624
2 11 0.00693299 181.997 107.703 474.026 493.835
2 11 0.000656929 0.0 143.309 136.381 318.766
2 11 0.000644451 189.866 233.155 295.834 360.829
2 11 0.000172741 0.0 301.585 95.1165 502.322
2 12 0.00061693 23.8594 155.173 120.159 297.971
2 12 0.000463581 209.285 247.607 268.136 338.597
2 12 0.000396102 225.655 121.627 440.69 467.014
2 12 0.000143931 39.8309 218.647 142.517 381.785
2 12 2.67068e-05 492.44 295.811 509.779 380.963
2 13 0.00145529 213.463 72.8092 458.097 471.264
2 13 0.000299657 21.5314 141.725 125.528 300.594
2 13 0.000131248 208.297 239.851 270.577 339.968
2 13 9.52684e-05 201.392 343.888 496.988 510.268
2 13 7.90001e-05 34.211 207.705 151.091 384.166
2 13 5.22548e-05 16.6326 381.433 67.538 480.91
2 14 0.00197185 203.1 89.6133 459.378 488.202
2 14 0.000287963 17.2299 149.667 128.565 306.371
2 14 0.000227365 27.6224 219.389 153.542 389.301
2 14 0.00013121 198.057 231.165 289.412 362.316
2 14 5.33613e-05 1.52774 309.169 86.1073 495.181
2 15 0.00192383 25.9222 138.22 118.802 296.454
2 15 0.000559892 218.075 234.287 276.633 345.414
2 15 0.000241128 10.4485 279.315 78.6723 498.889
2 15 0.000213337 23.3503 377.09 63.6072 483.314
2 15 0.000209924 180.478 63.0647 445.78 498.506
2 15 0.000173317 124.097 24.9242 240.207 511.0
2 15 0.000171963 15.0499 52.0812 139.344 481.109
2 15 0.000168455 493.523 289.552 510.273 381.473
2 15 0.000132753 471.948 396.888 508.586 455.178
2 16 0.00148744 211.333 243.259 265.623 337.349
2 16 0.00123294 225.378 80.9793 441.042 473.315
2 16 0.000705885 27.6176 144.022 118.605 290.602
2 16 0.000556321 38.7399 210.446 141.699 380.923
2 16 0.000280395 214.209 365.468 485.303 502.155
2 16 0.000147137 470.65 397.8 505.332 458.057
2 17 0.00234828 214.555 94.3136 454.606 491.169
2 17 0.000363656 21.808 147.556 123.04 298.466
2 17 0.000315656 207.221 243.432 269.838 340.385
2 17 0.000257662 33.4275 217.632 146.352 382.583
2 17 8.67211e-05 196.688 356.114 494.211 511.0
2 18 0.00231954 202.418 98.289 457.139 466.269
2 18 0.000418471 197.198 231.976 288.486 361.691
2 18 0.000266432 5.87805 140.009 135.272 316.288
2 18 0.000200502 113.08 52.5397 307.775 475.414
2 18 0.000121291 168.156 372.899 503.182 504.144
2 19 0.0761434 190.532 76.2963 476.379 464.067
2 19 0.00135079 195.787 224.35 291.147 358.824
2 20 0.0328213 208.547 247.172 269.533 336.609
2 20 0.0261739 22.7888 145.759 122.474 280.871
2 20 0.0130141 219.533 104.99 452.632 437.68
2 20 0.00126021 120.192 78.7715 328.797 353.288
