3 1 0.854716 10.5038 144.232 511.0 346.396
3 2 0.000670317 1.86942 148.908 511.0 376.804
3 3 0.00133937 35.7247 128.098 501.78 325.028
3 3 1.30624e-05 47.6632 272.892 237.086 390.29
3 4 0.0475152 5.08612 147.648 511.0 377.412
3 5 0.000336888 26.9952 136.445 398.967 330.101
3 5 1.83241e-05 47.4295 271.198 211.456 393.434
3 5 1.40824e-05 157.996 221.85 453.412 504.773
3 6 0.00248149 24.5091 151.23 511.0 414.502
3 6 2.27945e-05 2.50734 103.806 293.777 304.778
3 7 0.00273453 25.0629 139.813 511.0 424.158
3 8 0.000357346 23.6984 143.38 511.0 371.959
3 8 1.96797e-05 46.1033 275.351 236.197 392.177
3 9 0.000248201 38.1902 124.418 345.588 345.768
3 9 6.0968e-05 20.8957 212.729 84.193 308.691
3 9 1.06722e-05 89.4026 304.052 461.876 506.74
3 9 9.03688e-06 490.718 0.0 510.604 49.8588
3 10 0.00136629 38.6593 112.935 496.323 431.075
3 10 2.81693e-05 37.9462 272.745 236.42 395.325
3 11 0.00105746 0.0 132.311 511.0 447.03
3 11 1.35014e-05 487.4 0.0 511.0 49.9352
3 11 1.07875e-05 16.5968 334.937 504.008 511.0
3 12 0.000390659 35.5998 127.464 498.184 425.646
3 12 4.31837e-05 46.8196 275.534 237.716 396.954
3 12 9.8572e-06 491.328 1.03569 509.615 47.9277
3 13 0.000501572 21.9013 131.045 511.0 429.645
3 13 1.98519e-05 24.3552 269.806 253.889 396.32
3 13 7.16779e-06 490.148 0.0 511.0 47.3263
3 14 0.000940405 23.4328 139.118 504.908 436.253
3 15 0.000935612 24.4288 199.565 76.6706 299.384
3 15 0.00019204 51.7555 137.908 376.159 339.064
3 15 9.88912e-05 16.7735 209.176 43.5252 289.083
3 15 7.97537e-05 491.78 0.0 509.851 48.7303
3 15 4.39802e-05 47.7874 261.719 221.257 400.351
3 15 3.47517e-05 29.019 138.076 114.292 322.979
3 16 0.000593059 15.4414 102.617 506.156 465.363
3 16 7.20521e-05 40.4184 266.865 228.162 401.638
3 16 6.64915e-05 27.0546 98.0827 262.341 307.067
3 17 0.00123754 27.2451 109.496 498.83 452.791
3 17 2.2377e-05 125.596 39.0938 183.516 92.7386
3 17 2.00712e-05 17.9079 96.8083 268.837 309.456
3 17 1.66968e-05 491.202 0.0 510.026 47.5862
3 17 1.6415e-05 33.941 272.072 235.558 393.551
3 18 0.000434211 0.0 118.04 511.0 436.792
3 18 2.05018e-05 20.0045 272.304 265.054 400.542
3 19 0.00541181 12.1235 152.516 511.0 417.01
3 20 0.0033494 29.1318 133.94 478.332 290.063
