4 1 0.000387606 278.76 369.526 361.038 462.03
4 1 0.000189021 173.368 279.154 218.106 314.106
4 1 2.37858e-05 259.871 362.399 310.476 457.202
4 1 2.08808e-05 105.414 63.103 283.312 137.245
4 1 1.43611e-05 168.389 339.8 448.287 482.407
4 1 8.7113e-06 344.023 324.51 455.933 437.553
4 1 6.03581e-06 227.348 290.794 281.453 328.357
4 1 3.38808e-06 319.69 68.6499 380.313 126.706
4 1 2.74769e-06 144.17 57.3322 205.631 115.914
4 1 2.70295e-06 413.527 205.854 450.597 255.546
4 1 1.93019e-06 139.887 76.6492 451.098 186.032
4 2 0.000241513 282.75 373.635 354.708 461.323
4 2 3.47934e-05 358.896 324.944 420.408 401.938
4 2 2.62732e-05 174.707 279.206 217.162 315.714
4 2 1.18731e-05 263.775 366.452 306.875 455.364
4 2 1.0922e-05 193.28 342.185 439.227 489.471
4 2 4.09285e-06 127.8 352.171 321.532 450.839
4 2 3.96383e-06 229.229 291.51 279.424 330.706
4 2 1.61168e-06 106.372 63.3577 277.148 137.867
4 2 1.46827e-06 321.392 69.3317 377.146 126.054
4 2 1.46666e-06 399.302 378.034 501.408 498.612
4 2 1.39864e-06 10.587 352.638 131.75 498.605
4 2 1.39263e-06 414.943 206.466 449.127 256.279
4 2 1.25288e-06 370.529 305.649 408.235 342.721
4 3 0.000384081 287.781 362.724 352.425 463.697
4 3 8.92711e-05 359.834 324.55 442.341 431.11
4 3 7.36435e-05 177.207 278.112 215.186 313.563
4 3 1.37148e-05 140.178 353.337 316.449 449.948
4 3 1.07165e-05 119.053 62.1386 270.806 136.497
4 3 8.25179e-06 232.408 289.67 276.034 328.125
4 3 5.29272e-06 266.316 365.073 305.142 452.355
4 3 2.92978e-06 148.597 56.2221 201.536 114.41
4 3 2.83296e-06 210.781 338.214 425.338 481.707
4 3 2.80827e-06 325.313 68.6095 374.899 124.696
4 3 2.71221e-06 417.753 205.965 447.087 254.516
4 3 1.82888e-06 18.1021 344.118 124.024 493.12
4 4 0.207134 283.883 358.522 357.045 472.238
4 4 0.000588985 263.678 357.484 308.577 462.687
4 4 0.000396477 154.909 345.374 431.813 480.228
4 4 0.000283324 174.959 278.468 216.975 316.63
4 4 0.000104945 228.72 289.801 280.084 332.099
4 4 6.54017e-05 359.844 320.916 420.856 408.191
4 4 3.06595e-05 139.951 335.932 393.602 379.46
4 4 2.18238e-05 269.872 318.162 322.848 351.231
4 4 1.47936e-05 233.101 323.588 304.86 364.457
4 5 0.00514403 290.028 368.186 346.124 459.457
4 5 0.000142559 365.463 320.666 411.545 401.329
4 5 1.90138e-05 178.949 274.889 212.942 315.687
4 5 1.29908e-05 142.563 346.97 298.979 454.228
4 5 9.37138e-06 268.052 361.739 303.479 454.12
4 5 7.86606e-06 151.219 53.5854 195.752 113.981
4 5 4.47745e-06 13.19 315.415 88.9287 501.21
4 5 4.44107e-06 234.211 286.257 272.351 330.731
4 5 2.93884e-06 326.7 65.0009 370.282 127.651
4 5 2.77786e-06 123.111 57.5438 260.502 139.753
4 5 2.24486e-06 390.041 322.874 438.639 420.204
4 6 0.000334345 280.368 369.231 356.874 458.801
4 6 3.04315e-05 261.006 361.653 309.85 454.686
4 6 2.38136e-05 173.474 277.682 218.004 314.647
4 6 1.21649e-05 120.29 352.0 330.307 452.962
4 6 8.31935e-06 356.912 319.878 422.37 402.951
4 6 3.82901e-06 133.688 334.157 393.477 376.283
4 6 2.37185e-06 227.562 289.113 280.359 329.521
4 6 1.70855e-06 102.11 59.5741 284.74 137.161
4 6 1.46527e-06 413.357 204.397 450.722 255.238
4 6 1.15724e-06 318.844 66.3587 379.782 125.834
4 7 0.000520407 281.604 369.382 358.05 458.555
4 7 3.16434e-05 174.299 278.582 217.667 313.794
4 7 1.47862e-05 262.351 364.016 308.908 453.743
4 7 6.70922e-06 105.444 62.2499 279.677 136.706
4 7 5.92778e-06 357.622 323.201 422.304 402.983
4 7 4.81297e-06 123.716 351.963 329.049 452.897
4 7 3.16611e-06 320.029 68.3269 379.064 125.304
4 7 2.00334e-06 414.292 205.698 449.684 254.354
4 7 1.87285e-06 136.194 335.586 391.005 376.203
4 7 1.34638e-06 228.602 289.4 279.57 328.116
4 7 1.20469e-06 144.289 55.933 204.451 114.913
4 8 0.000578871 285.99 375.461 353.685 454.689
4 8 3.40608e-05 362.365 323.434 417.768 399.517
4 8 1.3128e-05 175.481 277.235 215.763 313.737
4 8 9.79159e-06 137.316 354.138 315.676 450.07
4 8 9.5886e-06 265.66 368.94 304.861 451.86
4 8 3.44732e-06 323.787 68.5205 375.112 125.802
4 8 3.00189e-06 144.41 63.3347 210.291 128.76
4 8 1.47159e-06 230.41 288.907 277.229 328.227
4 8 1.41044e-06 144.75 336.15 376.751 375.059
4 8 1.04263e-06 416.56 205.961 447.376 254.93
4 8 9.02901e-07 236.442 323.343 300.036 361.351
4 9 0.000811458 285.627 372.874 355.42 477.082
4 9 1.66614e-05 175.06 278.83 217.018 316.908
4 9 1.33308e-05 264.982 368.218 305.581 462.115
4 9 8.02622e-06 359.555 324.878 418.271 410.431
4 9 4.42381e-06 127.3 351.362 321.571 463.953
4 9 3.36196e-06 3.44563 327.57 103.487 511.0
4 9 3.17661e-06 415.423 203.957 448.308 259.816
4 9 1.72396e-06 146.586 57.9515 203.049 121.891
4 9 1.66866e-06 229.421 290.684 279.577 332.097
4 9 1.50154e-06 234.733 324.667 303.696 365.076
4 9 1.41599e-06 110.526 60.9165 275.336 146.874
4 9 1.37186e-06 421.616 350.054 508.385 502.423
4 9 1.33335e-06 20.9649 409.071 203.69 505.998
4 9 1.21971e-06 133.884 337.514 389.129 380.1
4 10 0.000244894 285.979 372.549 353.677 461.702
4 10 5.83748e-05 175.886 277.114 216.002 315.642
4 10 2.77721e-05 359.817 320.181 418.981 406.002
4 10 1.21094e-05 131.789 351.742 318.02 454.488
4 10 5.30104e-06 148.617 335.91 379.37 377.812
4 10 4.89717e-06 264.925 366.022 306.588 456.095
4 10 3.26233e-06 195.794 336.275 439.466 491.543
4 10 3.12814e-06 111.618 60.3367 272.59 140.406
4 10 2.83978e-06 322.78 67.2767 375.376 128.056
4 10 2.4185e-06 230.907 288.224 277.405 330.783
4 10 1.2817e-06 416.177 204.508 448.017 257.013
4 10 9.63693e-07 237.877 322.782 299.722 363.871
4 11 0.000459142 276.859 363.45 359.958 473.613
4 11 0.000108438 114.847 345.652 504.719 510.981
4 11 3.14393e-05 166.903 278.814 224.59 321.22
4 11 1.29017e-05 332.251 319.831 468.416 445.495
4 11 8.29279e-06 101.11 337.652 433.166 382.381
4 11 3.97917e-06 219.496 289.805 287.297 336.551
4 11 3.91009e-06 0.0 410.458 253.173 509.567
4 12 0.000305671 285.767 375.482 353.971 457.796
4 12 4.72983e-05 361.486 323.969 418.349 404.839
4 12 2.64638e-05 175.915 278.532 215.296 314.707
4 12 4.70309e-06 136.409 354.273 316.22 453.81
4 12 3.37549e-06 265.478 368.562 304.45 455.077
4 12 2.0999e-06 323.364 69.6731 375.135 128.211
4 12 1.98176e-06 113.251 61.9555 269.892 141.1
4 12 1.71119e-06 145.249 338.548 377.197 376.286
4 12 1.30717e-06 231.072 290.398 277.015 329.053
4 12 1.24944e-06 416.818 206.89 446.854 256.447
4 12 9.94273e-07 147.4 58.1985 201.966 116.439
4 12 9.29242e-07 202.294 344.023 424.297 487.713
4 12 7.88629e-07 236.381 325.566 299.944 362.307
4 13 0.000410023 282.759 370.392 356.016 459.68
4 13 5.71632e-05 173.078 275.887 218.18 315.248
4 13 1.72983e-05 358.119 320.33 421.973 405.138
4 13 7.18156e-06 261.507 364.293 309.122 454.801
4 13 5.85081e-06 128.53 335.161 395.955 376.926
4 13 5.29667e-06 177.89 333.18 449.798 487.043
4 13 3.53823e-06 228.159 286.743 279.847 329.742
4 13 2.11051e-06 319.492 65.2214 379.387 127.87
4 13 1.55752e-06 271.16 316.133 320.701 349.091
4 13 1.35804e-06 234.133 321.535 302.761 362.559
4 13 1.17519e-06 100.277 57.2807 284.988 140.068
4 14 0.000251532 281.558 374.206 354.612 462.161
4 14 4.14351e-05 174.573 278.968 216.95 315.576
4 14 1.47539e-05 357.739 324.351 420.998 405.074
4 14 5.73941e-06 262.663 367.447 308.075 458.431
4 14 5.43092e-06 185.392 344.534 442.249 488.884
4 14 3.35835e-06 106.097 62.8798 278.244 141.255
4 14 2.71346e-06 228.716 291.147 278.382 330.494
4 14 1.70484e-06 320.733 69.6469 377.511 128.179
4 14 1.37386e-06 414.54 206.677 449.111 256.925
4 14 1.19922e-06 370.15 305.731 408.945 344.689
4 14 9.8625e-07 140.491 336.126 384.17 376.958
4 14 8.57033e-07 143.894 56.4763 203.553 118.307
4 15 0.00277572 289.789 374.6 351.793 462.792
4 15 0.000212181 362.621 315.352 416.029 403.492
4 15 7.09272e-05 176.899 275.818 214.452 316.707
4 15 3.36894e-05 147.535 52.6896 197.177 94.8635
4 15 2.72883e-05 268.184 362.281 302.81 460.405
4 15 1.45127e-05 7.85287 305.512 95.084 502.699
4 15 1.29056e-05 232.441 287.855 274.966 332.19
4 15 1.25401e-05 325.687 65.3904 371.281 130.235
4 15 1.04468e-05 160.331 59.4811 219.42 141.297
4 15 7.4132e-06 373.466 303.293 405.212 344.738
4 15 6.22733e-06 240.837 322.826 296.156 364.621
4 15 5.21388e-06 181.671 341.614 348.642 445.052
4 16 0.00761989 354.466 317.873 445.152 448.312
4 16 0.00400566 286.084 371.952 351.354 458.168
4 16 0.000364901 147.863 338.097 423.08 480.549
4 16 0.000283518 175.644 275.262 215.587 317.181
4 16 0.000245272 265.975 360.529 304.41 455.239
4 16 2.9884e-05 145.051 333.171 378.815 378.925
4 16 2.88412e-05 323.915 64.7345 373.868 130.812
4 17 0.000127208 284.823 371.249 353.317 461.353
4 17 4.51636e-05 175.752 276.754 216.101 316.764
4 17 1.5791e-05 360.012 319.33 418.365 403.614
4 17 6.01338e-06 127.942 349.344 318.505 452.996
4 17 4.07747e-06 109.656 58.7871 273.886 139.79
4 17 3.62633e-06 230.363 288.466 277.572 331.779
4 17 3.25699e-06 193.127 337.469 443.898 496.948
4 17 3.15878e-06 263.743 365.125 307.02 454.234
4 17 2.5818e-06 322.063 66.0358 375.564 127.635
4 17 2.52431e-06 415.334 204.577 448.208 256.652
4 17 2.08356e-06 145.365 334.991 380.138 378.228
4 17 1.4009e-06 9.42482 342.914 128.824 504.875
4 18 0.000652074 281.176 374.122 358.738 460.551
4 18 0.000114147 260.549 368.998 310.104 456.625
4 18 4.95437e-05 171.011 277.636 220.641 316.161
4 18 1.4769e-05 160.394 342.3 458.599 489.089
4 18 1.0489e-05 112.256 336.526 414.234 378.24
4 18 5.29701e-06 354.51 323.113 425.493 405.539
4 18 2.45619e-06 224.149 288.136 284.426 331.456
4 18 1.76895e-06 91.8064 60.0762 295.315 143.363
4 18 1.19485e-06 139.674 53.258 206.544 96.4316
4 18 1.13055e-06 0.0 316.544 117.225 508.31
4 19 0.000349484 280.094 370.117 359.275 459.628
4 19 2.66826e-05 172.618 278.733 219.414 314.8
4 19 1.0147e-05 260.648 361.706 310.269 456.052
4 19 6.69934e-06 127.198 347.093 455.968 468.927
4 19 4.66481e-06 357.194 321.025 423.511 404.897
4 19 2.65137e-06 226.758 290.517 282.548 329.204
4 19 1.74561e-06 100.432 62.4707 289.139 138.815
4 19 1.68185e-06 126.854 335.698 405.357 376.956
4 19 1.50456e-06 269.275 319.165 323.671 348.911
4 19 9.30801e-07 318.968 67.9352 380.81 127.033
4 19 8.48349e-07 143.35 55.5009 206.807 116.583
4 20 0.0010644 280.772 371.955 360.328 456.373
4 20 6.72535e-05 174.373 277.115 217.788 316.158
4 20 4.75447e-05 127.572 350.344 324.672 455.522
4 20 4.45633e-05 359.112 320.224 420.168 402.775
4 20 4.37887e-05 264.08 363.557 306.262 451.596
4 20 2.44238e-05 2.01226 320.141 108.044 506.242
4 20 1.71e-05 146.228 53.5766 203.445 112.289
4 20 1.02344e-05 106.882 56.9182 279.481 139.955
4 20 6.67238e-06 321.08 65.0183 377.872 127.766
4 20 4.68138e-06 227.946 288.637 280.701 330.933
