5 1 7.80439e-05 0.0 13.5835 170.8 255.0
5 1 1.59616e-05 126.798 42.4496 255.0 255.0
5 2 0.012158 16.5877 57.0183 133.048 249.218
5 2 0.000179755 137.058 62.1322 255.0 253.303
5 3 0.00139192 25.9168 38.0288 125.957 245.897
5 3 8.14686e-05 139.331 42.5686 255.0 244.869
5 4 0.000482215 1.13931 4.0762 250.16 255.0
5 4 5.49802e-05 153.573 114.765 255.0 255.0
5 5 0.00238258 28.2219 47.4286 109.924 247.353
5 5 0.00073558 156.265 39.1066 247.765 244.207
5 5 0.000175495 55.6424 15.9075 219.769 255.0
5 5 0.000169754 185.304 153.918 242.994 248.775
5 6 0.000229337 0.0 0.0 253.425 241.558
5 6 3.15585e-05 149.197 122.282 255.0 255.0
5 7 0.000126742 149.365 117.796 255.0 253.861
5 7 0.000106455 0.0 17.9139 255.0 246.825
5 8 0.000221325 26.5612 41.7286 123.148 242.027
5 8 8.56026e-05 140.174 51.1727 253.976 234.5
5 8 3.75795e-05 180.538 155.429 245.921 243.173
5 9 0.102404 136.524 61.6724 255.0 255.0
5 9 0.0119782 21.6923 57.7476 125.165 251.811
5 9 0.00714098 164.337 183.821 255.0 255.0
5 10 0.000287281 19.5746 35.1902 129.326 255.0
5 10 4.43215e-05 156.847 126.713 255.0 255.0
5 10 3.18683e-05 73.0834 62.2505 201.236 244.505
5 11 0.00019359 8.69665 46.1885 132.715 247.706
5 11 0.000137244 131.321 108.683 254.915 254.263
5 11 1.61621e-05 25.3492 176.888 231.707 255.0
5 12 0.000733177 26.9457 43.0364 124.865 245.364
5 12 0.000339856 138.339 56.8391 252.318 241.877
5 13 0.00915328 30.108 64.9541 151.863 254.781
5 13 0.000131369 140.412 60.0403 255.0 252.013
5 14 0.000631006 12.0708 46.1512 134.057 248.711
5 14 4.32576e-05 147.532 126.986 255.0 255.0
5 15 0.993429 65.9083 68.8089 217.558 251.604
5 16 0.00296027 22.587 33.3784 122.764 248.143
5 16 0.000556589 145.826 36.8598 255.0 236.718
5 16 9.52009e-05 180.971 146.945 247.656 244.93
5 17 0.000347938 18.8256 46.0004 128.551 255.0
5 17 8.2965e-05 156.319 131.021 255.0 255.0
5 17 1.71279e-05 44.5262 92.5232 249.054 231.435
5 18 0.000568231 148.705 119.56 255.0 255.0
5 18 0.000471965 0.0 29.6725 255.0 251.883
5 19 0.000302442 0.0 0.0 255.0 255.0
5 19 1.50623e-05 147.742 117.77 255.0 255.0
5 20 0.00116433 142.437 51.7859 255.0 241.387
5 20 0.000560094 19.0648 49.5427 128.367 242.272
5 20 0.000192799 178.18 156.397 249.69 249.833
