6 1 0.000489528 492.641 257.061 511.0 365.348
6 1 5.09435e-05 30.9663 96.6091 511.0 511.0
6 2 0.00378642 38.7138 178.163 272.828 498.933
6 2 0.000473994 493.443 256.134 511.0 367.131
6 2 8.89161e-05 152.098 208.208 492.127 488.251
6 3 0.00043957 493.998 256.232 510.645 367.37
6 3 0.000350133 53.2235 99.1909 302.6 491.369
6 3 3.82958e-05 174.092 120.991 464.163 469.01
6 4 0.000637226 493.325 252.077 511.0 374.133
6 4 0.000516089 17.5305 0.0 468.013 511.0
6 5 0.00157245 68.7548 156.227 231.634 494.161
6 5 0.000918952 494.859 253.07 509.778 367.712
6 5 0.000231447 291.587 53.2414 493.453 483.32
6 5 0.000149993 129.228 184.11 414.908 455.768
6 6 0.000379906 492.735 255.403 511.0 365.98
6 6 0.000151382 0.0 0.0 489.121 511.0
6 7 0.000304496 492.627 253.551 511.0 365.401
6 7 0.000235415 63.4807 141.239 500.111 455.119
6 7 1.1198e-05 311.734 355.881 508.686 511.0
6 8 0.000731997 493.436 256.389 511.0 367.453
6 8 0.000137581 115.261 163.679 454.841 465.142
6 8 4.90428e-05 46.4605 185.485 222.48 505.314
6 8 2.35536e-05 336.116 216.003 497.664 485.524
6 9 0.0117578 241.653 122.049 511.0 511.0
6 9 0.0049046 46.3046 120.831 259.459 511.0
6 9 0.00446524 493.738 253.819 511.0 373.555
6 9 0.00203988 332.55 361.179 505.595 511.0
6 10 0.00027831 493.644 256.066 511.0 369.362
6 10 0.000130504 104.571 146.708 464.329 473.227
6 10 2.12883e-05 29.7513 183.528 240.174 511.0
6 10 1.03291e-05 329.6 210.222 511.0 511.0
6 11 0.00102674 491.711 255.789 511.0 367.94
6 11 0.000298792 26.1809 160.4 492.776 490.247
6 11 5.79378e-05 274.967 363.473 496.301 511.0
6 12 0.000276767 493.825 258.717 510.859 368.862
6 12 0.000191778 118.894 170.57 450.506 476.554
6 12 4.64414e-05 43.9389 177.577 223.551 507.585
6 12 2.89903e-05 334.773 216.152 496.328 491.801
6 13 0.000850342 46.9388 124.401 269.028 502.131
6 13 0.000288519 493.477 253.236 511.0 366.691
6 13 7.42862e-05 153.838 130.041 458.27 470.302
6 14 0.000350934 492.791 255.482 511.0 370.461
6 14 0.000193459 43.8406 163.017 511.0 508.121
6 15 0.986795 129.306 130.421 450.346 505.751
6 16 0.00407042 65.7441 109.489 285.374 489.639
6 16 0.000625521 494.585 254.712 510.592 367.108
6 16 0.000211966 337.102 192.82 502.605 490.789
6 16 0.000138626 191.05 117.873 452.141 461.738
6 17 0.00171944 493.85 256.832 510.848 366.546
6 17 8.50302e-05 30.4757 98.0288 309.649 511.0
6 17 3.97605e-05 168.686 128.484 469.891 475.757
6 17 3.0038e-05 328.308 222.688 510.997 509.371
6 18 0.0010935 39.7203 125.565 511.0 494.558
6 18 0.000104031 492.113 252.53 511.0 370.007
6 18 4.85087e-05 309.581 346.012 511.0 511.0
6 19 0.00036316 492.699 252.853 511.0 367.06
6 19 0.000158122 23.5198 47.3116 511.0 507.071
6 20 0.00201675 493.565 254.756 510.931 363.872
6 20 0.000412468 114.15 141.946 496.448 407.343
6 20 0.000201674 330.678 216.919 508.346 507.969
6 20 0.000171758 42.6867 105.376 267.958 495.855
