7 1 0.000511837 21.0784 64.0116 125.845 255.0
7 1 3.1894e-05 126.752 0.0 255.0 255.0
7 2 0.127698 25.9529 76.889 120.96 254.725
7 2 0.000625494 57.392 122.553 244.382 255.0
7 3 0.00404518 33.9654 59.5045 113.818 252.305
7 3 8.28105e-05 43.9093 22.4289 255.0 134.49
7 3 6.15986e-05 58.2447 76.7184 236.697 253.461
7 4 0.00132537 25.804 49.8545 119.661 255.0
7 4 0.000167932 132.969 0.0 255.0 255.0
7 5 0.00699783 37.8751 72.8683 104.812 253.621
7 5 0.000520118 158.172 4.84515 245.789 245.596
7 5 0.000421803 56.5025 100.124 207.85 241.081
7 5 0.000187196 62.2156 20.3288 233.414 130.085
7 6 0.000998855 24.4185 66.7692 121.24 255.0
7 6 5.55981e-05 130.418 0.0 255.0 249.047
7 7 0.000325183 24.0292 60.3635 119.168 253.302
7 7 6.17716e-05 127.962 0.0 255.0 247.408
7 8 0.00237584 33.1936 64.1574 112.706 252.244
7 8 6.47144e-05 140.547 9.4528 251.317 241.866
7 8 1.64216e-05 198.278 113.847 255.0 245.947
7 9 0.0170315 33.4934 77.3505 113.094 255.0
7 9 0.00734974 140.472 31.1695 255.0 255.0
7 10 0.000951379 30.1745 62.9496 117.786 255.0
7 10 9.30313e-05 51.622 42.3812 249.842 255.0
7 11 0.00033553 24.3933 70.5703 118.288 252.191
7 11 7.43466e-05 72.6452 76.8672 255.0 250.329
7 11 1.25216e-05 235.008 0.0 255.0 33.0035
7 12 0.0016215 32.1049 61.7737 112.54 252.771
7 12 0.000456829 137.87 18.4565 250.542 247.068
7 13 0.0142877 35.222 61.696 137.666 255.0
7 13 0.000666223 134.22 0.0 255.0 255.0
7 14 0.00232269 23.3686 68.3789 121.703 253.658
7 14 0.000157379 132.403 15.323 255.0 255.0
7 15 0.992524 75.48 17.858 240.234 255.0
7 16 0.00741069 32.6564 59.8796 112.545 255.0
7 16 0.000251672 148.192 0.0 252.409 241.4
7 16 7.11018e-05 52.5618 21.207 209.99 255.0
7 17 0.00183499 29.0184 71.4946 117.35 255.0
7 17 5.40004e-05 70.3554 71.0854 254.127 255.0
7 17 2.44165e-05 40.3544 13.5715 244.458 139.925
7 18 0.000173015 123.235 5.87569 255.0 253.432
7 18 0.000157409 23.0853 67.6363 121.471 251.182
7 19 0.00083104 24.2822 55.4326 122.412 253.192
7 19 5.43073e-05 50.279 43.0878 255.0 255.0
7 20 0.00401423 30.4814 73.9407 116.177 252.127
7 20 0.00030683 142.242 10.8258 255.0 242.667
