8 1 0.000697576 492.088 258.636 511.0 357.115
8 1 0.000556597 53.7515 148.578 246.859 508.48
8 1 7.12699e-05 40.4628 0.0 511.0 511.0
8 1 2.7076e-05 487.981 2.71445 510.402 62.946
8 2 0.131608 51.5346 190.473 245.118 505.156
8 2 0.000788755 126.76 248.918 482.846 511.0
8 2 0.000716661 493.017 259.403 511.0 358.283
8 3 0.0065271 78.7181 150.679 223.779 485.118
8 3 0.000709621 493.509 258.476 510.555 357.902
8 3 0.000187537 137.812 167.189 502.577 467.103
8 3 0.00018724 79.8704 32.4197 472.227 289.205
8 4 0.00606422 65.7268 130.545 233.576 511.0
8 4 0.00122102 492.835 255.442 511.0 363.871
8 4 0.000824699 60.5645 0.0 495.954 511.0
8 5 0.00683858 75.9086 176.006 213.55 499.999
8 5 0.000821987 494.481 256.14 509.77 359.058
8 5 0.000452321 300.514 36.1963 492.178 484.135
8 5 0.000277924 149.161 171.951 419.853 467.468
8 5 0.000135548 135.813 29.0084 431.37 277.678
8 6 0.00125905 45.5999 159.007 250.846 505.82
8 6 0.00045233 492.209 257.623 511.0 357.195
8 6 0.000145438 32.5293 0.0 511.0 458.687
8 7 0.000762127 492.256 257.281 511.0 356.67
8 7 0.000524206 57.5383 138.338 236.833 491.467
8 7 0.000223573 101.038 165.263 511.0 460.378
8 7 5.10964e-05 69.3236 17.9165 502.345 291.622
8 8 0.0026598 78.1467 158.415 221.702 480.433
8 8 0.00084097 493.004 258.315 510.883 358.383
8 8 0.000171751 136.37 174.185 499.144 463.875
8 8 0.000100644 110.313 35.8738 461.853 288.723
8 8 3.79999e-05 489.51 2.5554 509.606 62.9746
8 9 0.0518851 67.5498 172.164 223.058 511.0
8 9 0.0115964 259.272 91.7278 511.0 511.0
8 9 0.00243916 493.415 256.41 511.0 363.557
8 9 0.00195265 342.945 365.089 506.158 511.0
8 9 0.000407996 72.8984 18.7765 491.381 316.494
8 10 0.000814155 58.4255 156.149 241.203 511.0
8 10 0.000379121 493.144 258.117 511.0 359.738
8 10 0.000110756 111.785 104.523 487.111 501.747
8 11 0.00145281 491.079 259.158 511.0 359.913
8 11 0.000868738 36.1558 142.808 248.416 507.763
8 11 0.000147995 156.4 155.78 511.0 499.839
8 11 0.000114006 485.497 0.0 511.0 66.0288
8 11 7.54482e-05 297.476 368.19 506.055 511.0
8 12 0.00177269 78.4616 156.546 221.729 488.405
8 12 0.000443906 493.358 260.358 510.719 359.635
8 12 0.000362108 257.234 78.9748 501.302 487.382
8 12 0.000237191 106.779 45.7776 446.368 290.968
8 13 0.0474954 60.3582 150.31 239.665 501.351
8 13 0.000540571 103.969 204.398 506.982 492.082
8 13 0.000529798 492.859 256.232 511.0 357.84
8 14 0.00258203 44.3612 176.069 249.482 501.563
8 14 0.00067232 492.348 258.852 511.0 360.938
8 14 0.000127007 113.614 187.158 511.0 477.641
8 15 0.995386 120.64 95.1433 447.679 504.196
8 16 0.048473 69.6582 136.551 220.772 495.368
8 16 0.000954752 494.141 256.237 510.563 358.7
8 16 0.000490746 276.296 34.9549 508.779 477.143
8 16 9.33155e-05 120.392 22.3202 445.344 283.601
8 17 0.00218544 63.7919 143.86 228.589 504.225
8 17 0.00174278 493.352 259.455 510.8 357.947
8 17 0.000122448 134.532 177.06 510.284 463.249
8 17 5.15049e-05 110.839 28.7522 480.88 289.312
8 17 4.71399e-05 489.391 1.58761 509.804 63.2959
8 18 0.00112829 54.9462 142.206 242.78 496.238
8 18 0.00105247 65.1013 22.9189 509.849 311.546
8 18 0.000235485 491.574 255.871 511.0 360.607
8 18 7.97445e-05 323.5 351.509 511.0 511.0
8 19 0.00153456 44.1314 141.746 253.087 500.975
8 19 0.000559324 492.147 256.741 511.0 357.962
8 19 0.000113761 5.45831 0.0 506.587 493.676
8 20 0.00279877 57.9674 181.347 237.43 497.198
8 20 0.00267024 492.976 256.765 510.948 356.234
8 20 0.000551422 264.8 52.1405 511.0 476.111
8 20 0.000238556 489.113 0.924963 509.848 62.5285
