9 1 0.00640289 307.409 238.441 445.977 321.126
9 1 0.00278675 14.9157 267.155 104.397 431.171
9 1 0.00117675 463.74 226.399 502.1 293.94
9 1 0.000614571 225.536 216.281 271.742 292.998
9 1 0.000369176 29.3054 87.5176 89.0764 169.582
9 1 0.000342529 461.664 325.42 507.907 389.292
9 1 0.00031118 4.15488 229.918 98.2083 324.138
9 1 0.000276796 58.8854 297.737 111.678 394.228
9 1 0.000270367 326.505 245.726 370.566 322.448
9 1 0.000267858 230.083 187.903 320.312 327.715
9 2 0.0140317 18.8345 276.556 99.5216 426.78
9 2 0.0054252 310.684 243.433 439.142 320.96
9 2 0.00213783 466.587 232.726 499.729 293.548
9 2 0.00149391 9.25323 225.042 95.6918 322.108
9 2 0.00102792 62.6629 301.383 109.596 393.091
9 2 0.000919621 228.5 220.215 269.111 294.363
9 2 0.000580928 468.637 338.583 506.997 399.907
9 2 0.000561674 246.124 216.408 324.585 397.655
9 3 0.00341644 24.6915 265.112 95.5669 414.965
9 3 0.00207807 315.594 236.779 434.336 317.131
9 3 0.00113164 468.864 228.459 498.112 289.418
9 3 0.000657192 253.616 166.872 314.206 357.182
9 3 0.000494305 14.5654 223.574 69.9912 294.636
9 3 0.000318148 65.546 284.233 114.267 383.405
9 3 0.000313567 35.1124 87.8587 84.5425 165.684
9 3 0.000261504 236.107 197.726 282.866 303.557
9 4 0.0203898 45.6076 284.686 111.524 401.696
9 4 0.00772865 464.815 221.562 501.599 295.352
9 4 0.00681118 310.793 235.165 440.604 321.24
9 4 0.00294133 440.015 332.391 507.696 410.393
9 4 0.00185968 485.487 323.498 509.599 401.815
9 4 0.00137857 228.515 213.352 269.185 295.845
9 4 0.00129783 235.675 185.157 316.188 328.783
9 4 0.00101897 326.988 321.073 510.086 510.581
9 4 0.000958227 11.1628 225.185 93.5695 328.421
9 5 0.0332702 471.216 225.516 496.296 289.507
9 5 0.00686382 55.5701 292.521 102.974 394.496
9 5 0.0020271 335.881 248.536 390.862 327.924
9 5 0.00062988 15.1676 220.386 66.5701 298.374
9 5 0.000388366 257.502 170.501 309.957 349.938
9 5 0.000364806 472.65 334.0 503.808 399.289
9 6 0.00901124 13.9257 264.01 110.783 424.883
9 6 0.00267728 305.354 237.728 443.231 317.967
9 6 0.00195388 463.917 221.808 501.501 292.232
9 6 0.000692592 484.145 323.293 510.03 397.289
9 6 0.000512604 229.789 179.694 318.969 315.827
9 6 0.000466967 119.595 73.4504 252.461 368.838
9 6 0.000428024 7.18101 225.266 98.3236 322.088
9 7 0.00699767 308.564 237.356 442.89 316.503
9 7 0.00452126 15.9208 262.95 102.07 422.863
9 7 0.00163499 356.075 346.858 437.911 389.203
9 7 0.00154335 484.74 326.264 510.125 397.48
9 7 0.00137902 234.31 191.232 318.546 317.516
9 7 0.000860967 463.512 227.325 507.72 279.631
9 7 0.000748068 439.132 335.092 507.816 404.851
9 7 0.000731895 120.209 111.209 247.629 371.119
9 7 0.000530941 326.464 244.46 369.504 318.754
9 8 0.0040721 24.5035 274.85 95.0477 411.751
9 8 0.00146449 327.609 243.393 389.29 309.733
9 8 0.00116513 467.658 230.637 498.455 287.041
9 8 0.000478044 63.866 299.776 107.42 388.498
9 8 0.000439421 13.1104 222.59 70.6019 294.857
9 8 0.000362478 33.6729 89.108 84.5802 165.842
9 8 0.000323723 253.178 171.434 314.527 355.405
9 9 0.891583 324.191 250.639 410.929 327.88
9 9 0.645773 34.0331 280.127 98.1502 422.331
9 9 0.205673 403.0 226.075 443.691 320.106
9 9 0.0341162 383.533 254.585 418.844 320.215
9 9 0.0170985 67.0964 292.131 114.913 391.1
9 9 0.0150072 231.586 221.415 265.521 294.364
9 9 0.0079153 425.474 218.721 456.891 299.024
9 9 0.00732207 459.46 343.045 498.777 408.304
9 10 0.00204959 18.5296 271.396 106.83 424.871
9 10 0.00159265 467.384 227.325 499.8 291.809
9 10 0.00106927 312.031 240.492 435.354 321.514
9 10 0.000394549 10.5995 227.203 94.3035 322.831
9 10 0.000295084 486.102 326.023 509.514 399.351
9 10 0.000262948 32.6983 87.9906 85.7576 169.882
9 10 0.000208208 256.514 176.72 316.373 400.827
9 11 0.171302 324.489 238.508 443.105 328.203
9 11 0.0941923 41.8331 293.938 111.28 402.077
9 11 0.0178587 392.26 248.487 429.749 311.041
9 11 0.00579059 223.598 220.062 272.04 296.159
9 11 0.00524383 459.386 244.052 504.911 297.798
9 11 0.00467498 414.129 233.57 457.9 310.209
9 11 0.00455329 302.559 340.486 511.0 511.0
9 11 0.00333929 0.0 254.525 130.349 458.436
9 12 0.00195371 321.216 243.912 432.245 318.261
9 12 0.0019017 468.427 232.104 497.963 289.948
9 12 0.00182071 24.1209 275.979 92.7069 418.982
9 12 0.000383519 258.272 190.139 312.375 400.129
9 12 0.000362784 33.8855 89.5371 84.1807 168.374
9 12 0.000212367 330.329 250.703 366.261 319.085
9 12 0.000197802 64.7209 289.195 113.549 385.315
9 12 0.000181079 469.937 339.209 505.549 399.023
9 13 0.00302478 18.2552 264.883 102.224 421.676
9 13 0.0020584 312.1 237.295 440.642 319.034
9 13 0.00157929 466.05 226.835 500.591 292.506
9 13 0.00093228 460.637 325.886 503.747 395.337
9 13 0.000860134 243.451 187.162 325.791 399.95
9 13 0.000440912 85.7429 168.492 251.029 401.883
9 13 0.000245485 8.7432 226.918 96.3878 321.622
9 14 0.00384892 14.9135 272.526 103.511 428.794
9 14 0.00351625 464.659 229.204 506.237 281.096
9 14 0.0034646 306.025 241.185 442.567 321.85
9 14 0.000513324 231.618 202.58 316.734 328.992
9 14 0.000426151 83.087 186.348 251.325 403.467
9 14 0.00037972 485.073 327.666 509.59 400.453
9 14 0.000371013 8.4196 227.681 98.0729 324.214
9 14 0.000362491 60.624 286.98 118.569 389.394
9 14 0.000297223 355.027 345.951 438.548 392.222
9 15 0.998467 115.212 122.083 223.019 406.395
9 15 0.992834 266.188 165.9 316.076 411.453
9 15 0.221578 469.201 228.611 498.796 290.563
9 16 0.959203 17.1736 239.788 77.7441 325.068
9 16 0.297612 23.5119 258.255 93.58 412.672
9 16 0.0163379 469.546 228.798 502.787 277.547
9 16 0.00646922 328.933 238.503 385.296 309.092
9 17 0.00275297 17.8505 273.802 107.295 424.655
9 17 0.00255802 311.189 242.457 436.787 321.238
9 17 0.000722903 466.881 228.722 499.752 293.3
9 17 0.000544735 329.315 249.977 374.562 313.918
9 17 0.000461488 486.144 326.597 509.28 398.981
9 17 0.000334519 442.218 335.741 504.469 407.415
9 17 0.000270978 11.0882 225.157 93.6539 320.472
9 18 0.0822592 17.1372 268.806 106.25 422.07
9 18 0.0144758 463.755 229.41 507.285 280.334
9 18 0.00796534 323.83 241.354 393.31 315.02
9 18 0.00113979 462.113 327.591 507.911 386.794
9 18 0.000895764 78.1147 171.19 259.344 394.537
9 19 0.0158734 462.439 223.335 508.407 279.333
9 19 0.00268392 12.5866 257.427 110.993 423.154
9 19 0.00122745 306.352 235.3 446.843 318.605
9 19 0.000787415 351.478 347.088 441.798 390.416
9 19 0.000715563 28.7405 86.6762 88.8793 168.025
9 19 0.000564446 465.531 332.78 509.046 399.791
9 19 0.000509854 60.2222 285.912 118.396 384.605
9 19 0.000372387 320.202 323.865 511.0 493.229
9 19 0.00033308 6.26678 224.731 97.8908 323.367
9 19 0.000320384 230.967 182.724 320.755 323.79
9 20 0.0340938 207.588 113.444 263.948 204.716
9 20 0.00825278 467.009 229.053 499.064 289.336
9 20 0.00695647 327.396 242.209 388.929 306.543
9 20 0.00673828 458.274 339.619 498.958 400.165
9 20 0.00547599 20.3073 279.111 103.095 419.403
9 20 0.0020968 11.1109 226.24 90.455 319.656
9 20 0.00201485 31.8756 88.3111 86.6431 167.509
9 20 0.00107968 64.5162 292.047 115.408 380.676
9 20 0.000864686 485.405 325.69 509.315 397.717
